52.0 50.0 22.0 
66.0 39.0 
55.0 52.0 
22.0 53.0 49.0 25.0 
41.0 10.0 35.0 
28.0 22.0 0.0 66.0 
59.0 59.0 22.0 55.0 
69.0 54.0 
67.0 
26.0 26.0 
65.0 59.0 
36.0 
44.0 73.0 9.0 5.0 
38.0 37.0 
93.0 44.0 
34.0 
33.0 31.0 
44.0 
43.0 
57.0 29.0 2.0 57.0 22.0 
31.0 4.0 37.0 10.0 
46.0 11.0 20.0 
44.0 4.0 38.0 
66.0 
18.0 
44.0 42.0 30.0 43.0 
90.0 29.0 
70.0 
76.0 15.0 
67.0 
25.0 
51.0 
24.0 
61.0 3.0 
26.0 36.0 
39.0 50.0 37.0 
46.0 
73.0 3.0 
66.0 25.0 
34.0 9.0 
25.0 24.0 3.0 29.0 
67.0 
60.0 10.0 
39.0 36.0 10.0 
29.0 39.0 8.0 29.0 38.0 
29.0 24.0 33.0 
25.0 55.0 27.0 
33.0 42.0 
56.0 60.0 
36.0 2.0 
74.0 64.0 17.0 70.0 
41.0 10.0 34.0 53.0 12.0 
45.0 26.0 26.0 39.0 
63.0 62.0 7.0 64.0 
56.0 
54.0 17.0 42.0 32.0 
74.0 2.0 
72.0 0.0 3.0 
23.0 
82.0 79.0 
80.0 98.0 
50.0 
48.0 
52.0 19.0 55.0 
56.0 58.0 
64.0 5.0 
25.0 27.0 30.0 18.0 32.0 31.0 
24.0 
51.0 10.0 
28.0 56.0 
26.0 
36.0 37.0 7.0 6.0 
57.0 54.0 
35.0 
37.0 
36.0 
30.0 12.0 
59.0 58.0 35.0 7.0 
41.0 
69.0 26.0 
61.0 0.0 63.0 
45.0 
42.0 11.0 17.0 50.0 
29.0 
41.0 48.0 
59.0 46.0 
47.0 16.0 19.0 47.0 47.0 
27.0 25.0 55.0 
31.0 34.0 
26.0 26.0 
62.0 27.0 
47.0 55.0 
69.0 63.0 69.0 
71.0 63.0 
28.0 25.0 
58.0 
39.0 14.0 
42.0 
61.0 67.0 
36.0 17.0 9.0 39.0 
49.0 13.0 49.0 58.0 
38.0 12.0 32.0 29.0 
51.0 54.0 20.0 20.0 13.0 
45.0 47.0 47.0 49.0 
23.0 
40.0 34.0 44.0 
66.0 10.0 
96.0 5.0 
45.0 
24.0 23.0 
27.0 19.0 
34.0 
36.0 8.0 39.0 
70.0 46.0 7.0 
89.0 
56.0 54.0 
25.0 29.0 26.0 25.0 27.0 
57.0 56.0 54.0 
32.0 31.0 27.0 7.0 
54.0 59.0 
75.0 
47.0 15.0 1.0 32.0 20.0 
52.0 
49.0 44.0 12.0 
26.0 27.0 27.0 28.0 
26.0 25.0 
38.0 0.0 41.0 30.0 
53.0 8.0 36.0 
50.0 14.0 52.0 83.0 27.0 50.0 
21.0 22.0 17.0 49.0 20.0 
52.0 19.0 
35.0 8.0 35.0 28.0 
37.0 6.0 10.0 16.0 
40.0 43.0 49.0 2.0 29.0 30.0 
57.0 29.0 
26.0 36.0 
43.0 
47.0 51.0 
22.0 
27.0 24.0 0.0 
89.0 
41.0 72.0 
35.0 27.0 
53.0 
75.0 
67.0 8.0 
59.0 13.0 
50.0 8.0 54.0 16.0 
81.0 37.0 
72.0 25.0 
41.0 42.0 
29.0 
50.0 
18.0 
46.0 47.0 
67.0 
28.0 28.0 
36.0 38.0 
66.0 38.0 
23.0 
68.0 71.0 
49.0 19.0 15.0 47.0 13.0 14.0 58.0 
62.0 5.0 
53.0 23.0 
90.0 67.0 
72.0 20.0 
41.0 5.0 17.0 
52.0 45.0 3.0 53.0 
38.0 33.0 17.0 37.0 36.0 
81.0 17.0 
57.0 
18.0 31.0 
51.0 21.0 3.0 46.0 
39.0 38.0 24.0 0.0 8.0 
59.0 15.0 62.0 
28.0 3.0 
48.0 11.0 29.0 
41.0 
51.0 50.0 
75.0 
76.0 
90.0 23.0 
63.0 7.0 50.0 59.0 33.0 
53.0 43.0 34.0 
39.0 
48.0 13.0 27.0 44.0 22.0 46.0 
48.0 19.0 11.0 42.0 34.0 23.0 
64.0 34.0 
68.0 29.0 
33.0 7.0 27.0 26.0 
38.0 
37.0 38.0 
61.0 70.0 27.0 
75.0 
66.0 63.0 
43.0 53.0 41.0 29.0 19.0 
34.0 36.0 32.0 
31.0 32.0 30.0 
52.0 47.0 
25.0 8.0 
48.0 48.0 14.0 38.0 
43.0 20.0 13.0 42.0 
47.0 20.0 
18.0 
75.0 
33.0 
21.0 
32.0 4.0 64.0 35.0 24.0 
36.0 9.0 28.0 12.0 7.0 61.0 
50.0 52.0 21.0 30.0 
90.0 9.0 
64.0 60.0 
39.0 29.0 6.0 
27.0 
53.0 
19.0 
49.0 
24.0 
42.0 0.0 16.0 
48.0 
43.0 
55.0 4.0 59.0 55.0 
33.0 10.0 
29.0 30.0 46.0 
51.0 
67.0 66.0 
36.0 0.0 17.0 
26.0 30.0 
51.0 
18.0 
49.0 25.0 
37.0 30.0 16.0 13.0 
21.0 49.0 
73.0 
30.0 
19.0 
34.0 19.0 4.0 
59.0 53.0 
66.0 4.0 
55.0 56.0 
61.0 
30.0 63.0 
51.0 26.0 53.0 
78.0 25.0 3.0 
94.0 
63.0 36.0 17.0 
18.0 54.0 50.0 
70.0 16.0 
43.0 
41.0 
26.0 58.0 
31.0 
53.0 53.0 
64.0 57.0 63.0 
47.0 9.0 10.0 
18.0 
51.0 52.0 
44.0 
48.0 10.0 13.0 
57.0 0.0 23.0 
41.0 8.0 
46.0 
49.0 14.0 12.0 14.0 
19.0 
86.0 0.0 
38.0 11.0 33.0 
38.0 
48.0 8.0 46.0 
49.0 23.0 27.0 12.0 
62.0 53.0 62.0 
33.0 8.0 65.0 26.0 
22.0 
53.0 33.0 44.0 50.0 26.0 
57.0 31.0 
28.0 
43.0 28.0 37.0 41.0 
50.0 8.0 53.0 49.0 52.0 
65.0 70.0 
59.0 
49.0 20.0 
21.0 
41.0 
38.0 38.0 14.0 
68.0 
55.0 30.0 59.0 
33.0 
59.0 4.0 65.0 56.0 
54.0 23.0 26.0 19.0 
33.0 33.0 
33.0 16.0 
54.0 26.0 
44.0 13.0 40.0 43.0 
70.0 10.0 
29.0 
37.0 64.0 
57.0 27.0 
40.0 0.0 11.0 
58.0 57.0 
63.0 12.0 
39.0 0.0 30.0 2.0 
21.0 
30.0 
39.0 38.0 0.0 1.0 15.0 
19.0 
62.0 34.0 
72.0 67.0 
20.0 3.0 
55.0 1.0 
47.0 14.0 50.0 12.0 73.0 
46.0 45.0 
38.0 41.0 20.0 10.0 17.0 1.0 
28.0 28.0 57.0 
61.0 33.0 
62.0 36.0 
30.0 33.0 32.0 33.0 11.0 41.0 24.0 
41.0 
44.0 51.0 4.0 22.0 6.0 
35.0 39.0 43.0 15.0 
77.0 39.0 
57.0 52.0 
39.0 11.0 8.0 
26.0 26.0 
73.0 3.0 29.0 13.0 41.0 
23.0 
54.0 41.0 25.0 51.0 
57.0 25.0 
48.0 12.0 50.0 17.0 
69.0 18.0 
59.0 14.0 
36.0 3.0 36.0 15.0 
43.0 11.0 7.0 28.0 
27.0 69.0 25.0 
99.0 24.0 
62.0 12.0 
44.0 12.0 12.0 
55.0 60.0 
53.0 26.0 
53.0 49.0 27.0 
49.0 
63.0 
74.0 54.0 
52.0 48.0 
48.0 20.0 
64.0 57.0 30.0 62.0 7.0 
27.0 
62.0 17.0 
64.0 61.0 
63.0 28.0 
68.0 
48.0 
22.0 
69.0 2.0 
67.0 
38.0 
21.0 23.0 23.0 
64.0 8.0 
85.0 40.0 
66.0 31.0 
45.0 
61.0 13.0 
53.0 22.0 25.0 
91.0 
55.0 42.0 26.0 
58.0 31.0 
57.0 20.0 10.0 59.0 
37.0 7.0 39.0 6.0 37.0 
56.0 28.0 30.0 55.0 
46.0 22.0 4.0 46.0 
49.0 24.0 0.0 
31.0 
51.0 8.0 
35.0 16.0 53.0 
66.0 28.0 
54.0 48.0 6.0 52.0 
36.0 7.0 
42.0 32.0 47.0 42.0 1.0 19.0 
18.0 
69.0 28.0 
62.0 0.0 
65.0 13.0 73.0 60.0 12.0 6.0 
53.0 
49.0 
62.0 73.0 25.0 60.0 
68.0 26.0 
49.0 47.0 
57.0 
60.0 0.0 74.0 
37.0 33.0 6.0 10.0 8.0 37.0 
53.0 48.0 9.0 
38.0 
53.0 20.0 
32.0 0.0 29.0 30.0 10.0 
87.0 67.0 
66.0 37.0 3.0 58.0 
67.0 8.0 
18.0 16.0 41.0 15.0 40.0 17.0 
40.0 39.0 43.0 48.0 
44.0 40.0 33.0 
43.0 43.0 
18.0 
33.0 28.0 9.0 
94.0 
81.0 23.0 2.0 65.0 
38.0 4.0 
64.0 44.0 69.0 
91.0 
68.0 32.0 67.0 
66.0 43.0 
37.0 36.0 39.0 
59.0 
60.0 19.0 
68.0 44.0 43.0 
81.0 2.0 24.0 12.0 
43.0 44.0 9.0 
51.0 55.0 2.0 22.0 
22.0 22.0 
22.0 
70.0 71.0 73.0 14.0 66.0 
35.0 
20.0 
74.0 70.0 
50.0 53.0 29.0 13.0 
68.0 9.0 
56.0 57.0 0.0 
57.0 55.0 38.0 
18.0 
54.0 
39.0 8.0 36.0 13.0 11.0 55.0 
90.0 
23.0 21.0 5.0 
29.0 30.0 
31.0 
22.0 
29.0 26.0 28.0 
44.0 35.0 41.0 18.0 41.0 26.0 4.0 
57.0 59.0 
42.0 14.0 
46.0 15.0 10.0 
94.0 4.0 
26.0 27.0 1.0 21.0 26.0 
72.0 72.0 
45.0 16.0 45.0 
38.0 0.0 14.0 39.0 33.0 37.0 
33.0 
45.0 
65.0 25.0 
49.0 15.0 29.0 25.0 
52.0 15.0 23.0 81.0 
44.0 42.0 31.0 13.0 
50.0 
43.0 
55.0 6.0 56.0 54.0 57.0 
53.0 4.0 
64.0 12.0 51.0 
39.0 34.0 3.0 
47.0 
33.0 59.0 1.0 
65.0 64.0 
34.0 28.0 0.0 14.0 1.0 
50.0 
51.0 
35.0 36.0 
60.0 
35.0 
58.0 9.0 
71.0 25.0 
53.0 49.0 20.0 27.0 
39.0 
51.0 56.0 10.0 53.0 1.0 
49.0 46.0 13.0 50.0 
96.0 
46.0 44.0 10.0 
58.0 
44.0 12.0 
36.0 40.0 2.0 28.0 
73.0 
26.0 
59.0 35.0 9.0 8.0 
46.0 
20.0 19.0 26.0 15.0 
48.0 
34.0 
69.0 
35.0 38.0 13.0 8.0 
19.0 
47.0 27.0 
82.0 1.0 
73.0 35.0 
73.0 70.0 
31.0 
28.0 11.0 27.0 21.0 1.0 
37.0 20.0 40.0 
50.0 52.0 
37.0 
32.0 4.0 18.0 20.0 
41.0 34.0 19.0 13.0 
29.0 22.0 
41.0 42.0 17.0 4.0 9.0 
42.0 32.0 
41.0 35.0 
65.0 62.0 
25.0 57.0 16.0 31.0 
27.0 49.0 
69.0 4.0 39.0 
87.0 26.0 
60.0 
26.0 6.0 7.0 29.0 14.0 
64.0 61.0 
25.0 
57.0 
69.0 32.0 
58.0 
59.0 15.0 61.0 
51.0 53.0 25.0 3.0 
67.0 
27.0 27.0 47.0 
61.0 30.0 0.0 
27.0 
48.0 
37.0 15.0 33.0 2.0 
51.0 16.0 25.0 
59.0 55.0 
79.0 15.0 
36.0 37.0 39.0 27.0 
49.0 
36.0 34.0 10.0 
18.0 
64.0 
27.0 
45.0 48.0 
51.0 5.0 
26.0 
45.0 17.0 21.0 
51.0 10.0 
45.0 55.0 
84.0 
73.0 
63.0 16.0 14.0 70.0 
32.0 18.0 5.0 9.0 
45.0 49.0 23.0 
59.0 56.0 
41.0 4.0 16.0 5.0 12.0 43.0 
39.0 34.0 41.0 32.0 
88.0 
57.0 13.0 
26.0 28.0 
77.0 49.0 
37.0 12.0 2.0 18.0 
35.0 37.0 37.0 12.0 
40.0 19.0 
69.0 69.0 
46.0 26.0 
40.0 44.0 16.0 
45.0 26.0 12.0 
47.0 4.0 
71.0 45.0 
38.0 14.0 13.0 6.0 41.0 
27.0 60.0 
45.0 
43.0 13.0 3.0 5.0 14.0 
52.0 57.0 
40.0 12.0 26.0 
35.0 36.0 10.0 0.0 0.0 
43.0 14.0 7.0 14.0 25.0 
55.0 30.0 51.0 59.0 
27.0 
76.0 1.0 49.0 
30.0 7.0 33.0 34.0 
63.0 33.0 6.0 22.0 
64.0 
71.0 13.0 
47.0 
19.0 
36.0 42.0 
50.0 35.0 12.0 13.0 4.0 23.0 20.0 
45.0 
54.0 24.0 
40.0 41.0 12.0 63.0 8.0 12.0 
84.0 14.0 17.0 
18.0 60.0 
46.0 
68.0 33.0 
24.0 27.0 49.0 17.0 
33.0 28.0 0.0 32.0 34.0 1.0 5.0 
23.0 
40.0 18.0 0.0 9.0 34.0 
65.0 68.0 
35.0 10.0 6.0 
46.0 15.0 
32.0 59.0 
40.0 16.0 36.0 12.0 
69.0 5.0 
20.0 
90.0 17.0 
37.0 5.0 9.0 
36.0 36.0 11.0 7.0 
34.0 31.0 32.0 38.0 
38.0 
67.0 39.0 
58.0 1.0 
68.0 64.0 
22.0 13.0 27.0 51.0 
53.0 25.0 17.0 
54.0 17.0 21.0 
61.0 2.0 
31.0 9.0 17.0 0.0 
41.0 4.0 7.0 
68.0 
47.0 47.0 21.0 
59.0 21.0 0.0 
69.0 26.0 
21.0 
63.0 39.0 
62.0 40.0 
30.0 32.0 28.0 
32.0 51.0 
53.0 
26.0 47.0 60.0 32.0 22.0 29.0 
47.0 19.0 19.0 
38.0 2.0 38.0 3.0 2.0 
28.0 26.0 
57.0 27.0 
48.0 31.0 
70.0 13.0 
35.0 40.0 8.0 1.0 
73.0 23.0 47.0 
55.0 15.0 
67.0 65.0 3.0 50.0 31.0 60.0 68.0 
38.0 29.0 36.0 
30.0 42.0 0.0 
68.0 67.0 
30.0 
42.0 
19.0 
44.0 21.0 16.0 
58.0 8.0 
73.0 10.0 16.0 
76.0 48.0 
88.0 54.0 
65.0 
51.0 4.0 17.0 
56.0 30.0 
72.0 7.0 
33.0 24.0 14.0 27.0 
33.0 31.0 4.0 2.0 30.0 
39.0 38.0 15.0 
65.0 17.0 
30.0 41.0 29.0 2.0 
62.0 
62.0 62.0 
49.0 12.0 46.0 15.0 55.0 
55.0 2.0 18.0 20.0 
62.0 33.0 
69.0 53.0 
85.0 
63.0 35.0 
58.0 22.0 55.0 20.0 
56.0 59.0 
65.0 39.0 
71.0 48.0 
18.0 
44.0 41.0 2.0 
65.0 0.0 
41.0 
74.0 16.0 9.0 1.0 10.0 
68.0 49.0 9.0 40.0 14.0 
53.0 32.0 
43.0 
30.0 
42.0 36.0 41.0 16.0 41.0 6.0 
30.0 40.0 27.0 
96.0 10.0 
39.0 36.0 64.0 
32.0 9.0 1.0 
79.0 54.0 
51.0 53.0 48.0 55.0 53.0 
31.0 32.0 
60.0 
70.0 12.0 
50.0 30.0 
34.0 4.0 55.0 
58.0 27.0 
60.0 16.0 
33.0 26.0 57.0 30.0 
45.0 
65.0 25.0 68.0 43.0 
68.0 72.0 
51.0 26.0 
32.0 26.0 34.0 27.0 
42.0 34.0 14.0 10.0 4.0 
55.0 
71.0 74.0 
34.0 36.0 
45.0 15.0 
47.0 46.0 
32.0 33.0 0.0 
18.0 
42.0 
41.0 26.0 31.0 13.0 13.0 
63.0 5.0 6.0 40.0 61.0 58.0 23.0 
49.0 50.0 26.0 11.0 57.0 4.0 
63.0 16.0 61.0 
49.0 24.0 21.0 47.0 
20.0 44.0 29.0 
18.0 
59.0 14.0 
49.0 27.0 13.0 
31.0 4.0 5.0 
25.0 22.0 28.0 
18.0 
35.0 44.0 13.0 
76.0 
68.0 43.0 
58.0 16.0 
43.0 60.0 16.0 
63.0 2.0 32.0 26.0 
72.0 8.0 
71.0 
52.0 
58.0 19.0 
55.0 1.0 33.0 53.0 54.0 49.0 57.0 
49.0 0.0 
65.0 6.0 
44.0 32.0 13.0 20.0 
97.0 45.0 
34.0 37.0 29.0 
48.0 22.0 
92.0 19.0 
46.0 
59.0 57.0 
60.0 13.0 
51.0 52.0 12.0 
45.0 48.0 
73.0 7.0 
42.0 7.0 6.0 42.0 
92.0 1.0 
51.0 6.0 16.0 3.0 
36.0 3.0 
32.0 39.0 35.0 
32.0 34.0 15.0 52.0 31.0 9.0 
66.0 34.0 
43.0 39.0 44.0 42.0 
79.0 
46.0 42.0 14.0 16.0 
44.0 45.0 15.0 16.0 3.0 
64.0 55.0 33.0 39.0 
51.0 
29.0 29.0 
38.0 36.0 33.0 41.0 
54.0 15.0 
66.0 
38.0 35.0 13.0 
69.0 58.0 
42.0 
34.0 
21.0 
58.0 
65.0 2.0 
48.0 49.0 16.0 
63.0 16.0 
69.0 3.0 
39.0 40.0 
33.0 29.0 6.0 32.0 3.0 
89.0 
95.0 27.0 
50.0 12.0 
83.0 17.0 
50.0 
44.0 43.0 
19.0 
52.0 30.0 28.0 
25.0 27.0 
97.0 
51.0 50.0 3.0 53.0 
45.0 46.0 48.0 
21.0 
61.0 36.0 4.0 20.0 56.0 
24.0 56.0 20.0 25.0 21.0 
20.0 54.0 
43.0 29.0 
87.0 51.0 
66.0 
72.0 68.0 
73.0 
52.0 26.0 54.0 
27.0 26.0 
54.0 23.0 49.0 
52.0 
71.0 12.0 
23.0 55.0 25.0 
25.0 32.0 
34.0 34.0 4.0 1.0 57.0 
19.0 
72.0 68.0 
49.0 4.0 
28.0 
37.0 7.0 9.0 
49.0 
50.0 
68.0 1.0 
82.0 16.0 
71.0 16.0 
39.0 36.0 
54.0 16.0 50.0 46.0 9.0 
40.0 44.0 
66.0 4.0 
41.0 10.0 13.0 43.0 
74.0 
48.0 39.0 50.0 8.0 9.0 
52.0 52.0 38.0 
60.0 4.0 33.0 62.0 
52.0 
50.0 45.0 55.0 
31.0 30.0 29.0 5.0 
25.0 
56.0 58.0 
46.0 15.0 25.0 1.0 
55.0 
35.0 40.0 6.0 40.0 
33.0 34.0 
67.0 11.0 
41.0 41.0 7.0 30.0 
25.0 26.0 
44.0 66.0 9.0 40.0 
57.0 2.0 28.0 59.0 
78.0 20.0 
45.0 
59.0 
55.0 59.0 62.0 29.0 60.0 
53.0 
18.0 
44.0 
29.0 28.0 52.0 
39.0 7.0 
42.0 
72.0 55.0 
59.0 
56.0 
28.0 
21.0 20.0 
62.0 12.0 
95.0 
27.0 
25.0 
79.0 84.0 
26.0 26.0 
49.0 11.0 
65.0 
69.0 
24.0 50.0 
69.0 30.0 
37.0 42.0 33.0 9.0 
99.0 18.0 
60.0 61.0 
30.0 
93.0 2.0 
49.0 45.0 
44.0 27.0 44.0 
33.0 34.0 
54.0 0.0 29.0 27.0 
69.0 5.0 
26.0 29.0 
68.0 4.0 
83.0 51.0 
93.0 73.0 
43.0 16.0 7.0 43.0 
48.0 
44.0 6.0 41.0 7.0 
53.0 21.0 
20.0 
78.0 67.0 12.0 
66.0 12.0 
42.0 14.0 37.0 45.0 
19.0 
67.0 64.0 
33.0 1.0 1.0 24.0 5.0 39.0 1.0 
50.0 23.0 20.0 24.0 
53.0 
55.0 10.0 
41.0 44.0 43.0 40.0 
70.0 73.0 
18.0 
36.0 38.0 45.0 35.0 
40.0 
67.0 4.0 
97.0 
35.0 
26.0 
55.0 
19.0 
32.0 
54.0 54.0 49.0 
71.0 38.0 
73.0 21.0 
50.0 27.0 7.0 17.0 
43.0 28.0 5.0 30.0 
66.0 13.0 
64.0 57.0 
45.0 
54.0 
32.0 
41.0 
38.0 
58.0 22.0 
38.0 7.0 40.0 28.0 
44.0 46.0 11.0 36.0 
67.0 9.0 
25.0 10.0 23.0 27.0 
67.0 
60.0 
55.0 27.0 
39.0 14.0 6.0 17.0 0.0 
28.0 
46.0 
42.0 23.0 65.0 44.0 
48.0 17.0 45.0 31.0 33.0 23.0 
61.0 21.0 
45.0 10.0 15.0 20.0 
30.0 
33.0 38.0 26.0 13.0 4.0 
52.0 23.0 43.0 52.0 54.0 
58.0 57.0 7.0 
60.0 
20.0 
44.0 13.0 24.0 3.0 4.0 
41.0 
69.0 7.0 
50.0 54.0 52.0 11.0 
67.0 12.0 
62.0 50.0 10.0 
71.0 49.0 15.0 
90.0 70.0 
74.0 
20.0 24.0 46.0 
28.0 
19.0 
69.0 16.0 
27.0 0.0 
39.0 13.0 7.0 35.0 
72.0 2.0 
41.0 44.0 34.0 26.0 
58.0 2.0 31.0 
64.0 15.0 
30.0 12.0 49.0 27.0 
55.0 1.0 
39.0 3.0 36.0 12.0 12.0 
31.0 
68.0 41.0 
41.0 8.0 60.0 15.0 10.0 
69.0 13.0 
49.0 47.0 
64.0 28.0 
30.0 
61.0 52.0 
28.0 
98.0 47.0 
29.0 
19.0 
55.0 15.0 
63.0 5.0 
67.0 
41.0 4.0 60.0 41.0 9.0 
66.0 44.0 
62.0 62.0 
30.0 31.0 62.0 8.0 
66.0 
46.0 54.0 
25.0 
43.0 
45.0 
88.0 
46.0 
44.0 16.0 
20.0 
69.0 37.0 12.0 
78.0 52.0 
69.0 55.0 
34.0 32.0 
98.0 89.0 
42.0 5.0 39.0 
43.0 44.0 
83.0 56.0 
70.0 26.0 
30.0 
62.0 28.0 10.0 34.0 
18.0 12.0 47.0 15.0 73.0 
55.0 29.0 
33.0 7.0 16.0 
53.0 44.0 20.0 
76.0 0.0 5.0 
40.0 9.0 52.0 
45.0 29.0 57.0 
31.0 31.0 20.0 18.0 
70.0 6.0 74.0 
67.0 68.0 68.0 63.0 
51.0 52.0 
82.0 
47.0 15.0 45.0 17.0 
75.0 72.0 
63.0 
74.0 14.0 
39.0 37.0 16.0 37.0 
85.0 99.0 
19.0 
48.0 16.0 
49.0 51.0 22.0 
47.0 48.0 21.0 10.0 
25.0 
54.0 11.0 57.0 
67.0 33.0 
61.0 44.0 
38.0 8.0 8.0 41.0 26.0 4.0 
86.0 2.0 
63.0 61.0 
27.0 2.0 2.0 61.0 
94.0 4.0 
43.0 
48.0 
64.0 
25.0 12.0 
34.0 33.0 35.0 59.0 
28.0 24.0 
63.0 64.0 
80.0 82.0 
65.0 66.0 
52.0 53.0 
37.0 6.0 25.0 15.0 
33.0 
51.0 94.0 44.0 26.0 
45.0 47.0 45.0 47.0 2.0 
40.0 10.0 11.0 11.0 
18.0 
26.0 26.0 34.0 52.0 
26.0 
38.0 11.0 38.0 37.0 37.0 16.0 
22.0 
55.0 
46.0 48.0 
28.0 49.0 
39.0 4.0 38.0 17.0 10.0 
37.0 
49.0 47.0 26.0 45.0 
38.0 12.0 27.0 9.0 36.0 37.0 8.0 
51.0 
54.0 28.0 53.0 52.0 
56.0 
93.0 16.0 12.0 
67.0 11.0 
27.0 15.0 
51.0 13.0 
32.0 31.0 
48.0 36.0 
64.0 21.0 
39.0 14.0 38.0 
27.0 
49.0 3.0 
72.0 45.0 
32.0 3.0 28.0 36.0 34.0 
36.0 7.0 15.0 37.0 11.0 
57.0 65.0 
61.0 33.0 20.0 
37.0 
66.0 
50.0 28.0 26.0 47.0 
29.0 30.0 29.0 31.0 
36.0 7.0 34.0 
58.0 29.0 
50.0 16.0 57.0 23.0 
34.0 30.0 32.0 15.0 29.0 35.0 
92.0 
66.0 
55.0 20.0 13.0 
62.0 
49.0 72.0 
69.0 72.0 
60.0 27.0 55.0 
37.0 
19.0 
52.0 51.0 37.0 21.0 
51.0 46.0 
82.0 71.0 5.0 36.0 54.0 
61.0 62.0 
32.0 31.0 
67.0 69.0 
46.0 50.0 24.0 7.0 16.0 38.0 
37.0 37.0 28.0 36.0 15.0 4.0 28.0 
27.0 
56.0 31.0 
71.0 70.0 
19.0 57.0 41.0 48.0 17.0 14.0 25.0 
46.0 13.0 
84.0 1.0 
64.0 8.0 
28.0 29.0 25.0 49.0 58.0 29.0 1.0 
38.0 8.0 36.0 1.0 
74.0 39.0 
50.0 9.0 55.0 50.0 
21.0 
55.0 16.0 
78.0 41.0 
45.0 
30.0 
48.0 13.0 
43.0 46.0 
33.0 28.0 
36.0 31.0 8.0 36.0 
59.0 46.0 19.0 
40.0 
52.0 30.0 
41.0 2.0 6.0 41.0 
49.0 
46.0 17.0 40.0 25.0 16.0 
54.0 53.0 48.0 
27.0 
59.0 54.0 
95.0 4.0 
69.0 4.0 
54.0 
46.0 
52.0 36.0 
70.0 5.0 45.0 
44.0 43.0 8.0 
51.0 26.0 26.0 
32.0 59.0 35.0 33.0 0.0 
82.0 59.0 
70.0 71.0 47.0 
72.0 9.0 
25.0 
37.0 36.0 8.0 
68.0 28.0 
40.0 42.0 10.0 2.0 
50.0 53.0 
26.0 35.0 21.0 
51.0 17.0 30.0 17.0 
41.0 13.0 19.0 
51.0 55.0 50.0 
37.0 13.0 32.0 72.0 
95.0 
71.0 6.0 
35.0 
27.0 7.0 
26.0 27.0 28.0 56.0 
39.0 40.0 13.0 0.0 
66.0 
35.0 15.0 25.0 10.0 
61.0 9.0 38.0 62.0 
55.0 58.0 54.0 33.0 31.0 57.0 
54.0 49.0 25.0 
54.0 
48.0 20.0 9.0 
65.0 43.0 
45.0 
18.0 
93.0 16.0 
42.0 
54.0 53.0 53.0 
44.0 40.0 
77.0 
65.0 
30.0 35.0 4.0 33.0 
35.0 
60.0 30.0 
99.0 13.0 
93.0 28.0 
49.0 
43.0 41.0 
20.0 
23.0 
27.0 
31.0 28.0 40.0 
63.0 63.0 
48.0 45.0 
48.0 15.0 14.0 29.0 8.0 
71.0 13.0 
20.0 16.0 
56.0 10.0 
64.0 62.0 
46.0 47.0 12.0 7.0 
48.0 21.0 11.0 
32.0 33.0 26.0 32.0 11.0 
55.0 30.0 22.0 
54.0 
53.0 28.0 43.0 55.0 
38.0 
66.0 
43.0 0.0 
68.0 65.0 
44.0 29.0 
58.0 55.0 
38.0 33.0 5.0 1.0 
32.0 
24.0 25.0 
62.0 10.0 
29.0 30.0 
39.0 12.0 6.0 44.0 6.0 
34.0 30.0 61.0 3.0 
74.0 
62.0 63.0 
60.0 34.0 
26.0 
77.0 
73.0 67.0 
37.0 
23.0 
61.0 9.0 60.0 
98.0 49.0 
24.0 22.0 25.0 
47.0 19.0 20.0 14.0 
40.0 45.0 10.0 40.0 31.0 31.0 
45.0 16.0 46.0 22.0 
43.0 45.0 44.0 16.0 
66.0 31.0 35.0 
60.0 62.0 
44.0 23.0 
76.0 46.0 
34.0 4.0 30.0 6.0 
59.0 
27.0 
50.0 37.0 9.0 11.0 1.0 53.0 
56.0 14.0 40.0 48.0 
19.0 15.0 
45.0 
48.0 21.0 
37.0 12.0 38.0 10.0 7.0 
95.0 4.0 
30.0 
48.0 10.0 48.0 
53.0 49.0 41.0 14.0 13.0 51.0 
18.0 
38.0 11.0 
29.0 5.0 
32.0 34.0 30.0 
53.0 0.0 
89.0 
41.0 41.0 31.0 
47.0 22.0 
39.0 
30.0 3.0 11.0 
58.0 57.0 
30.0 2.0 12.0 43.0 8.0 32.0 
36.0 41.0 2.0 
34.0 32.0 6.0 
25.0 29.0 
44.0 
29.0 
58.0 26.0 
58.0 52.0 58.0 26.0 
35.0 30.0 4.0 2.0 
66.0 39.0 35.0 
48.0 43.0 3.0 4.0 
49.0 
90.0 91.0 44.0 
43.0 43.0 26.0 
35.0 7.0 15.0 5.0 
28.0 33.0 27.0 
26.0 
83.0 48.0 
33.0 4.0 25.0 6.0 10.0 
54.0 
92.0 53.0 
30.0 
22.0 
26.0 1.0 53.0 30.0 
67.0 34.0 
48.0 2.0 49.0 22.0 47.0 4.0 30.0 
89.0 25.0 
53.0 46.0 54.0 
18.0 
85.0 26.0 
81.0 12.0 99.0 
18.0 
46.0 17.0 10.0 
80.0 29.0 
59.0 46.0 
64.0 66.0 
22.0 2.0 35.0 28.0 27.0 
60.0 15.0 63.0 74.0 43.0 
69.0 71.0 
40.0 16.0 41.0 6.0 
35.0 44.0 40.0 5.0 4.0 34.0 5.0 
39.0 38.0 41.0 8.0 8.0 38.0 
40.0 
63.0 
23.0 47.0 25.0 
37.0 1.0 36.0 
42.0 
62.0 55.0 1.0 
63.0 36.0 1.0 0.0 
52.0 13.0 27.0 50.0 
55.0 62.0 56.0 47.0 
92.0 11.0 
71.0 26.0 
70.0 8.0 
71.0 41.0 68.0 
87.0 
33.0 
18.0 
51.0 13.0 
60.0 61.0 
67.0 45.0 65.0 36.0 
35.0 9.0 40.0 37.0 38.0 
54.0 11.0 29.0 
68.0 36.0 
65.0 
43.0 4.0 17.0 
22.0 20.0 23.0 
69.0 11.0 
45.0 
79.0 
42.0 
41.0 36.0 
27.0 
21.0 50.0 20.0 
66.0 64.0 
49.0 45.0 48.0 
31.0 
67.0 14.0 
33.0 
35.0 1.0 3.0 
69.0 67.0 
58.0 53.0 
69.0 35.0 
53.0 15.0 2.0 28.0 
96.0 24.0 
22.0 18.0 55.0 
67.0 
69.0 
70.0 26.0 
84.0 33.0 
26.0 
31.0 5.0 
19.0 
58.0 47.0 97.0 
67.0 31.0 
56.0 67.0 55.0 54.0 
45.0 
44.0 38.0 7.0 12.0 37.0 
47.0 62.0 
58.0 54.0 53.0 
30.0 36.0 
44.0 43.0 12.0 25.0 
37.0 10.0 2.0 1.0 56.0 
96.0 
46.0 
82.0 
61.0 28.0 
67.0 69.0 
63.0 26.0 
40.0 31.0 45.0 13.0 
65.0 59.0 
53.0 
51.0 51.0 
27.0 53.0 52.0 20.0 
61.0 3.0 34.0 
32.0 1.0 21.0 
86.0 46.0 
20.0 
47.0 21.0 8.0 0.0 
46.0 47.0 7.0 29.0 
38.0 37.0 9.0 0.0 10.0 
63.0 25.0 
83.0 37.0 25.0 90.0 
46.0 54.0 49.0 13.0 
46.0 2.0 
50.0 30.0 15.0 51.0 62.0 
64.0 51.0 
38.0 38.0 
48.0 19.0 44.0 51.0 
24.0 46.0 46.0 58.0 
61.0 61.0 12.0 
31.0 29.0 
57.0 16.0 
35.0 32.0 
43.0 4.0 5.0 4.0 
29.0 
48.0 47.0 
63.0 18.0 
76.0 25.0 37.0 
20.0 
31.0 
44.0 49.0 
67.0 
72.0 43.0 
55.0 28.0 
49.0 43.0 48.0 
26.0 25.0 25.0 
55.0 61.0 
29.0 
32.0 12.0 
50.0 56.0 59.0 
56.0 59.0 57.0 20.0 
60.0 64.0 
32.0 0.0 1.0 4.0 
53.0 30.0 
54.0 22.0 59.0 27.0 
52.0 25.0 
25.0 0.0 57.0 
28.0 5.0 
47.0 
74.0 
55.0 10.0 
60.0 42.0 59.0 53.0 28.0 
38.0 27.0 29.0 8.0 
43.0 48.0 11.0 6.0 
67.0 39.0 
45.0 49.0 
35.0 
39.0 9.0 37.0 41.0 39.0 6.0 5.0 
50.0 39.0 39.0 28.0 
61.0 28.0 
30.0 
33.0 33.0 10.0 31.0 1.0 
51.0 19.0 6.0 
42.0 
47.0 
21.0 
48.0 
53.0 3.0 54.0 9.0 
62.0 
47.0 
61.0 
48.0 
54.0 50.0 
31.0 31.0 
66.0 29.0 69.0 
72.0 74.0 
43.0 28.0 
25.0 35.0 26.0 
73.0 0.0 
54.0 
56.0 21.0 
44.0 
39.0 40.0 36.0 
35.0 
79.0 99.0 
46.0 40.0 47.0 31.0 
73.0 16.0 
28.0 23.0 19.0 52.0 23.0 29.0 
93.0 51.0 
92.0 13.0 45.0 
34.0 
30.0 15.0 
37.0 1.0 27.0 
35.0 39.0 36.0 39.0 34.0 37.0 
58.0 3.0 
71.0 74.0 5.0 
68.0 74.0 
39.0 
41.0 
70.0 9.0 
18.0 
80.0 25.0 74.0 
64.0 
18.0 
25.0 30.0 
62.0 64.0 
55.0 59.0 
49.0 
60.0 61.0 55.0 
69.0 47.0 
38.0 8.0 1.0 
56.0 
41.0 1.0 
57.0 57.0 
19.0 
28.0 1.0 28.0 28.0 
74.0 37.0 72.0 69.0 
71.0 72.0 69.0 
45.0 
59.0 21.0 56.0 
86.0 23.0 
52.0 
55.0 44.0 
40.0 12.0 16.0 42.0 30.0 34.0 
74.0 45.0 
40.0 41.0 30.0 15.0 
30.0 
24.0 38.0 47.0 23.0 
24.0 
88.0 
27.0 2.0 29.0 
26.0 27.0 
28.0 65.0 
56.0 55.0 4.0 
51.0 
24.0 17.0 25.0 21.0 
57.0 4.0 60.0 6.0 
51.0 
61.0 
37.0 6.0 
58.0 
70.0 74.0 
36.0 
19.0 
37.0 36.0 11.0 
43.0 42.0 48.0 43.0 
48.0 9.0 15.0 17.0 
64.0 29.0 
57.0 
21.0 
97.0 41.0 
29.0 
64.0 61.0 41.0 
51.0 20.0 20.0 51.0 8.0 48.0 
45.0 29.0 
62.0 64.0 61.0 
35.0 
48.0 21.0 17.0 
54.0 
56.0 14.0 4.0 
47.0 46.0 48.0 13.0 
44.0 38.0 
34.0 
37.0 0.0 39.0 
72.0 
91.0 54.0 
43.0 21.0 33.0 
70.0 
53.0 
97.0 
78.0 
55.0 29.0 
47.0 14.0 22.0 
46.0 13.0 43.0 48.0 
29.0 
31.0 3.0 8.0 
35.0 36.0 59.0 
40.0 17.0 38.0 62.0 
62.0 0.0 63.0 39.0 
29.0 
39.0 
26.0 
69.0 65.0 
85.0 
25.0 
52.0 48.0 23.0 13.0 
53.0 1.0 
48.0 
67.0 15.0 
97.0 30.0 
35.0 42.0 10.0 41.0 39.0 
18.0 
72.0 50.0 
44.0 42.0 13.0 
19.0 41.0 
41.0 6.0 
24.0 22.0 20.0 
45.0 29.0 47.0 10.0 20.0 
19.0 
56.0 16.0 38.0 
73.0 38.0 18.0 73.0 4.0 40.0 27.0 
40.0 32.0 
47.0 
68.0 25.0 
39.0 9.0 34.0 
90.0 97.0 
60.0 61.0 
74.0 72.0 
47.0 15.0 21.0 
69.0 
35.0 19.0 30.0 
73.0 8.0 
32.0 97.0 8.0 
26.0 29.0 
88.0 43.0 
48.0 12.0 46.0 
72.0 38.0 
51.0 52.0 24.0 4.0 
58.0 7.0 
71.0 16.0 
42.0 
52.0 59.0 52.0 
40.0 47.0 44.0 9.0 37.0 
32.0 
42.0 
28.0 
63.0 9.0 
48.0 9.0 10.0 
55.0 63.0 
52.0 
70.0 73.0 
57.0 54.0 58.0 
89.0 39.0 81.0 29.0 
37.0 2.0 2.0 
86.0 8.0 
31.0 
77.0 9.0 91.0 
24.0 18.0 
25.0 31.0 46.0 23.0 
39.0 
36.0 34.0 15.0 40.0 5.0 
44.0 11.0 17.0 13.0 
55.0 14.0 24.0 62.0 
34.0 10.0 36.0 5.0 29.0 4.0 32.0 
41.0 42.0 11.0 
47.0 49.0 
42.0 41.0 33.0 42.0 17.0 
36.0 8.0 
27.0 27.0 
48.0 42.0 37.0 15.0 
24.0 
66.0 6.0 7.0 2.0 42.0 44.0 
61.0 63.0 
52.0 28.0 5.0 
66.0 52.0 
54.0 
35.0 
49.0 
36.0 25.0 7.0 37.0 
58.0 16.0 
36.0 34.0 36.0 
43.0 17.0 43.0 
55.0 
30.0 4.0 
64.0 58.0 
65.0 12.0 
66.0 66.0 
32.0 6.0 25.0 
65.0 1.0 
39.0 30.0 13.0 16.0 
50.0 52.0 
24.0 31.0 22.0 
66.0 
81.0 10.0 
51.0 
74.0 25.0 82.0 
28.0 4.0 52.0 
93.0 
73.0 44.0 
67.0 
32.0 7.0 27.0 37.0 
36.0 
66.0 64.0 
67.0 64.0 
64.0 62.0 
64.0 4.0 4.0 
47.0 
24.0 20.0 2.0 
52.0 
49.0 2.0 13.0 24.0 12.0 
47.0 25.0 
54.0 54.0 51.0 68.0 
39.0 
34.0 54.0 
52.0 54.0 53.0 
48.0 38.0 24.0 21.0 53.0 54.0 
38.0 
30.0 2.0 5.0 1.0 
55.0 59.0 54.0 68.0 24.0 
45.0 31.0 13.0 42.0 
39.0 37.0 
50.0 
24.0 
51.0 4.0 56.0 
49.0 
50.0 18.0 25.0 
60.0 
34.0 7.0 33.0 
45.0 
69.0 44.0 
29.0 29.0 29.0 
39.0 38.0 9.0 
36.0 2.0 5.0 
71.0 5.0 
36.0 12.0 12.0 29.0 
31.0 
50.0 14.0 
31.0 
71.0 
34.0 6.0 33.0 
30.0 1.0 5.0 36.0 
52.0 45.0 6.0 20.0 
57.0 26.0 57.0 
28.0 2.0 
48.0 20.0 17.0 17.0 
40.0 
28.0 29.0 4.0 55.0 
29.0 26.0 23.0 28.0 3.0 2.0 10.0 
44.0 12.0 37.0 28.0 
54.0 6.0 50.0 0.0 
54.0 19.0 28.0 42.0 27.0 16.0 50.0 
61.0 6.0 
72.0 31.0 
39.0 35.0 38.0 38.0 
36.0 
52.0 
30.0 32.0 34.0 
23.0 45.0 48.0 
18.0 
28.0 
74.0 72.0 13.0 
66.0 
54.0 52.0 
35.0 12.0 10.0 45.0 
27.0 
45.0 
25.0 
82.0 65.0 
63.0 31.0 34.0 
21.0 
19.0 
62.0 
33.0 15.0 43.0 37.0 
58.0 9.0 57.0 
38.0 15.0 43.0 8.0 
65.0 27.0 67.0 
44.0 28.0 43.0 45.0 
60.0 63.0 
80.0 59.0 
66.0 68.0 
46.0 26.0 51.0 1.0 
52.0 48.0 17.0 
73.0 31.0 
56.0 22.0 
31.0 32.0 37.0 0.0 8.0 
70.0 39.0 
49.0 14.0 48.0 
63.0 3.0 
60.0 2.0 8.0 
57.0 24.0 25.0 41.0 27.0 
68.0 0.0 
51.0 19.0 9.0 11.0 
34.0 33.0 
68.0 70.0 
58.0 22.0 
43.0 
36.0 
33.0 3.0 5.0 0.0 
37.0 3.0 23.0 
26.0 23.0 
68.0 40.0 
38.0 68.0 
19.0 
66.0 32.0 
21.0 
37.0 37.0 
41.0 
44.0 41.0 
43.0 
43.0 15.0 
56.0 14.0 
50.0 23.0 54.0 53.0 
68.0 
36.0 11.0 24.0 36.0 44.0 34.0 14.0 
37.0 5.0 42.0 
39.0 29.0 10.0 0.0 12.0 
49.0 43.0 3.0 
35.0 
85.0 1.0 
40.0 17.0 11.0 13.0 31.0 
27.0 
69.0 25.0 32.0 42.0 
28.0 
51.0 54.0 14.0 
70.0 
39.0 42.0 40.0 4.0 1.0 39.0 
58.0 58.0 
80.0 1.0 
36.0 
34.0 
25.0 27.0 
61.0 
62.0 6.0 28.0 
82.0 38.0 71.0 2.0 
69.0 68.0 
80.0 59.0 
20.0 
64.0 61.0 
33.0 33.0 
45.0 
42.0 
72.0 72.0 
71.0 83.0 
19.0 
33.0 
65.0 31.0 
44.0 33.0 
65.0 45.0 37.0 6.0 33.0 
41.0 6.0 40.0 18.0 
47.0 35.0 33.0 
57.0 
82.0 51.0 
26.0 
51.0 
27.0 4.0 11.0 
65.0 
18.0 
31.0 6.0 2.0 
57.0 27.0 
66.0 
68.0 19.0 
23.0 21.0 17.0 
50.0 
45.0 25.0 9.0 0.0 
22.0 
62.0 62.0 
20.0 
23.0 51.0 51.0 26.0 
30.0 6.0 31.0 
74.0 3.0 
51.0 
99.0 66.0 
67.0 
18.0 
56.0 43.0 19.0 
30.0 20.0 5.0 33.0 
26.0 25.0 29.0 3.0 45.0 
42.0 
41.0 
42.0 17.0 11.0 36.0 16.0 
34.0 33.0 
56.0 17.0 50.0 
27.0 
64.0 37.0 
43.0 
73.0 51.0 
39.0 
18.0 
28.0 61.0 
59.0 26.0 
35.0 
23.0 
57.0 54.0 60.0 
41.0 40.0 0.0 15.0 
65.0 67.0 
87.0 48.0 
69.0 25.0 14.0 
54.0 25.0 
59.0 48.0 
33.0 10.0 35.0 
60.0 
21.0 21.0 25.0 51.0 22.0 
55.0 24.0 
18.0 
97.0 30.0 
37.0 37.0 11.0 38.0 
58.0 61.0 
18.0 
19.0 
32.0 1.0 38.0 
37.0 41.0 38.0 1.0 
62.0 
22.0 21.0 
62.0 63.0 
67.0 42.0 40.0 
67.0 49.0 
27.0 
58.0 16.0 
59.0 56.0 0.0 
38.0 38.0 16.0 37.0 
97.0 94.0 
86.0 
19.0 
96.0 36.0 71.0 37.0 
73.0 100.0 
40.0 0.0 
48.0 15.0 11.0 15.0 
66.0 
52.0 52.0 7.0 13.0 
69.0 16.0 29.0 
84.0 51.0 
18.0 18.0 38.0 13.0 39.0 30.0 29.0 
48.0 22.0 20.0 
46.0 16.0 
78.0 46.0 
28.0 32.0 
71.0 28.0 
31.0 33.0 
43.0 
88.0 
69.0 64.0 
35.0 5.0 7.0 10.0 4.0 
46.0 37.0 23.0 46.0 5.0 
34.0 
67.0 65.0 
38.0 33.0 4.0 2.0 
38.0 25.0 10.0 
41.0 
25.0 30.0 
41.0 40.0 
95.0 
63.0 68.0 61.0 2.0 
19.0 
41.0 
23.0 
39.0 
53.0 26.0 51.0 
87.0 18.0 
18.0 
40.0 
68.0 16.0 42.0 
58.0 32.0 
86.0 37.0 
48.0 13.0 
47.0 16.0 
61.0 28.0 21.0 62.0 
43.0 
41.0 11.0 17.0 41.0 
69.0 5.0 
46.0 30.0 42.0 51.0 
67.0 15.0 
66.0 
77.0 
55.0 55.0 11.0 
45.0 49.0 14.0 15.0 15.0 21.0 16.0 
26.0 
32.0 30.0 
96.0 13.0 
27.0 
41.0 54.0 10.0 
30.0 29.0 62.0 31.0 
70.0 73.0 
58.0 9.0 38.0 
45.0 20.0 
44.0 37.0 
41.0 18.0 44.0 16.0 
64.0 7.0 
64.0 62.0 
38.0 
24.0 
34.0 31.0 28.0 
25.0 
71.0 43.0 
41.0 38.0 11.0 5.0 14.0 
49.0 
69.0 53.0 
47.0 23.0 51.0 45.0 22.0 
89.0 13.0 52.0 50.0 
54.0 15.0 17.0 23.0 
60.0 30.0 7.0 
89.0 39.0 97.0 78.0 
19.0 
51.0 29.0 22.0 
47.0 1.0 36.0 1.0 31.0 
31.0 
18.0 
25.0 30.0 6.0 
51.0 8.0 40.0 
58.0 8.0 
36.0 7.0 28.0 6.0 6.0 38.0 
27.0 
38.0 1.0 1.0 
98.0 12.0 
61.0 
26.0 28.0 97.0 34.0 23.0 
65.0 34.0 
46.0 42.0 20.0 47.0 
50.0 7.0 54.0 20.0 
52.0 7.0 
49.0 
59.0 35.0 
46.0 45.0 38.0 
56.0 21.0 29.0 51.0 13.0 61.0 32.0 
29.0 
33.0 10.0 0.0 31.0 
70.0 71.0 
56.0 55.0 57.0 
35.0 43.0 
40.0 
64.0 64.0 
29.0 32.0 26.0 
43.0 
20.0 9.0 
34.0 56.0 
36.0 43.0 
48.0 20.0 26.0 47.0 
33.0 2.0 13.0 
98.0 0.0 
48.0 16.0 
56.0 19.0 24.0 
55.0 
65.0 19.0 14.0 64.0 12.0 
26.0 
45.0 46.0 
48.0 47.0 7.0 
56.0 55.0 
53.0 2.0 54.0 
56.0 54.0 22.0 
90.0 
36.0 11.0 0.0 5.0 
49.0 15.0 24.0 21.0 
47.0 
39.0 
28.0 
23.0 
39.0 36.0 36.0 4.0 
69.0 73.0 
53.0 52.0 23.0 11.0 
51.0 55.0 12.0 20.0 10.0 
21.0 
73.0 42.0 
25.0 
36.0 46.0 35.0 37.0 
44.0 
62.0 27.0 
22.0 
67.0 32.0 
70.0 68.0 
98.0 46.0 10.0 
52.0 2.0 26.0 93.0 14.0 27.0 53.0 
37.0 1.0 16.0 36.0 
36.0 31.0 
30.0 14.0 9.0 4.0 
58.0 50.0 38.0 2.0 
23.0 
47.0 40.0 8.0 47.0 48.0 10.0 
81.0 4.0 
79.0 
81.0 28.0 
27.0 
65.0 7.0 5.0 
71.0 39.0 
48.0 19.0 43.0 
56.0 
62.0 56.0 
92.0 
96.0 42.0 
28.0 6.0 
74.0 67.0 
31.0 7.0 26.0 
40.0 29.0 
67.0 71.0 38.0 21.0 
39.0 
25.0 
81.0 48.0 
59.0 
43.0 27.0 45.0 46.0 40.0 12.0 13.0 
55.0 53.0 
49.0 55.0 1.0 
50.0 43.0 28.0 
97.0 
86.0 
38.0 12.0 39.0 36.0 3.0 
58.0 62.0 57.0 56.0 46.0 1.0 
18.0 21.0 41.0 
83.0 
31.0 
75.0 
55.0 69.0 
37.0 14.0 15.0 
40.0 10.0 9.0 
47.0 
42.0 10.0 43.0 45.0 
35.0 6.0 
