5340 3677 108 5468 
3960 9005 2570 4686 5320 9959 723 3578 1728 
5013 5431 3416 
6406 8313 4069 5772 310 8782 7155 3175 9183 5481 7842 3997 3315 6353 7623 5053 5098 
8977 9354 4034 
1527 2527 8047 
9445 1592 
8426 1617 2754 2802 
7390 6043 5012 8732 1062 6032 6044 5628 4471 
8751 3134 7618 6616 
1142 9935 3870 
9533 1633 1064 3424 8109 8468 9728 8590 7157 7081 8589 4914 8716 386 4572 980 2916 1532 
1846 4576 2356 4044 
2389 7255 7484 2746 2984 7949 325 
9856 4335 7987 7176 1952 7672 1039 6770 833 652 2275 8092 6057 5917 4935 3192 1505 8127 8382 4594 5669 9691 1822 2387 6762 5991 1075 8372 6443 525 9639 2574 6154 3321 8060 5033 7631 1227 727 7850 5430 8283 8009 5812 9279 
7024 4252 
3725 9349 5702 3055 
5152 
3509 4547 4098 
9523 6200 5042 28 
8635 7277 9326 2846 3961 5384 9649 4498 8179 6584 121 3762 
9360 8111 5670 4596 4071 7681 725 1089 3804 6986 3618 7098 3497 4683 5644 8188 4623 2716 
4386 2003 9314 8226 494 8783 
5955 5791 2651 495 5735 5533 9846 7393 8450 8511 5697 
6118 
5771 1346 
276 7638 
1479 2403 5259 
8945 5496 1463 7095 5068 7797 6969 536 7791 6700 672 6453 3724 4917 9045 2241 9829 5156 8150 4228 5524 5556 4249 
9330 5651 914 
9536 9342 3430 3125 4635 2265 
7939 9015 6067 6895 1262 712 
9220 8970 8539 
2841 9566 8065 3541 
4814 
6694 7772 
244 4288 3689 4302 254 4174 9269 2438 5875 4955 8403 8359 1562 2264 7436 70 1119 971 7410 7322 9439 1783 9176 9353 7325 7542 6394 214 6853 2246 
7593 8303 8362 8683 
4834 4749 5286 5539 2867 
7656 2908 8479 8999 9894 2314 6189 
1492 119 9474 9776 2060 5471 4248 2200 3994 5135 5872 1987 7979 9923 3824 1768 7803 5964 9363 1441 6065 5494 7669 5908 5437 8272 1491 8702 9392 5710 787 5489 9673 9511 3664 7678 7153 6878 3494 491 1137 8397 4091 534 340 3696 4380 8019 6994 3976 8438 9572 2039 9519 6526 2693 1580 4332 5783 4181 5962 5410 6710 7422 970 5475 3110 1130 3224 3931 4142 9543 4017 9886 6908 6604 5989 3574 8670 4625 8679 382 3951 2251 4915 8950 2839 5375 706 8245 2587 8320 6712 3788 5272 5282 57 3353 6116 7474 3522 8105 804 454 2707 5 2059 872 4738 4000 2937 5865 4855 3241 1706 1314 7936 1416 8500 1934 7675 5600 4977 8896 8997 7976 987 9451 1393 9196 5708 1507 4296 5903 7776 8827 8622 8631 4991 3293 5803 5133 1500 478 9114 9252 4339 5227 1967 9092 7464 6948 1854 8603 8086 9485 6012 1644 1939 9528 2950 9060 7744 1179 2508 1894 8258 8858 4307 828 5096 8298 5161 5462 1306 5216 3414 
7735 3234 7100 1370 8954 2976 9387 9939 2325 8154 3101 8370 3952 2260 4494 968 1007 1848 2662 7574 2634 7767 6859 5808 7371 9709 556 2648 4103 7578 9087 5928 5983 6120 4764 2541 8114 4904 1656 9612 1076 797 342 3435 9459 7279 4836 
865 
6561 3138 3662 1279 
7914 1051 9984 7296 
1528 417 8480 8471 8137 522 2739 4577 1053 1928 5040 2189 3165 3665 823 5623 2489 655 8523 4507 4429 7849 2689 1335 2289 1552 5620 6767 2753 2058 7084 3355 2708 9669 5961 1665 6623 5260 9047 502 7292 528 6881 1983 5197 1162 9009 1604 3781 4177 1948 2227 6183 9019 6494 6622 5364 6028 6415 1386 4083 4499 8045 3734 4351 8767 5663 2413 461 1019 3745 9548 5848 7632 7026 194 2902 796 1438 4728 9503 2027 8557 5258 9766 6658 2795 6579 7319 9370 3273 7761 735 427 2605 8085 5095 
8710 5817 
8168 8285 
8651 8424 6513 142 4679 2280 7852 3066 4933 4676 5324 5862 5950 2517 2203 2991 7531 326 261 6643 8296 8031 3735 3800 7487 1480 6416 2925 7083 6586 6533 5782 2237 6362 5849 6605 4145 8076 2957 
5334 2629 2283 
2371 3516 4819 2851 4294 7795 5572 4207 5329 6786 3803 8973 3501 3614 2096 740 6685 460 1899 9678 3194 6002 6492 7929 8027 2424 1635 1326 1775 1278 8464 7069 133 8633 4956 9675 2338 7685 8394 8520 3035 8612 3176 6629 5553 7212 540 8339 7786 780 509 7720 5542 3761 3720 257 5003 7169 3238 8361 640 3999 1865 961 7179 2410 3697 5602 5394 3610 3242 9554 3959 8002 9647 6976 8346 3153 5165 1450 7760 6014 5193 9565 2543 6760 4818 6909 
6387 
1380 2134 2968 1085 6551 783 9526 6901 5065 8575 6842 2929 5381 4336 789 2278 8145 7366 8766 8897 3718 8396 10 4215 6460 8363 3184 7565 5084 6807 5288 6946 9557 8522 1274 6597 
4016 7275 4236 7828 7594 2742 
6871 558 
1946 9570 1998 8530 1935 
6041 335 6079 5676 4758 1275 3919 1012 3467 4407 897 
4905 8958 9518 9744 
2503 7988 
4023 5483 3294 
5562 2204 
5594 1176 2108 5366 3130 9018 7668 2924 1884 781 4823 3170 3538 2501 410 9645 6802 5046 1447 3639 9178 4644 6886 3007 9501 608 868 3027 8061 2446 6834 2296 5897 6054 
7060 2061 
5049 6056 
3795 
4741 8458 9747 3808 2226 9151 
5753 940 681 1898 2544 
6932 
7861 3860 1872 2594 6503 493 447 3756 1761 2520 6266 3701 8915 2540 8586 7969 3365 5557 6823 6344 3928 7820 6019 7559 6319 6018 9788 3627 6736 7608 8172 9004 4830 8707 1117 6600 3750 7052 3171 4970 5426 3587 4480 8281 4966 7615 8860 3842 3281 
3275 
2562 5062 2369 4732 6815 8533 1276 
9406 6402 
3460 4964 1840 6245 9257 8355 5022 4435 4932 6153 9021 451 277 4578 6086 7127 5189 5309 7065 5374 9361 1171 3913 4517 989 5736 8861 3814 2555 1493 7709 4025 4445 9638 3980 2395 9816 8390 6031 4153 4951 7947 8509 432 8829 5382 2337 1596 8317 9234 3946 6850 5785 8197 976 1271 9861 3024 9214 5100 8300 8693 6336 7982 3157 3019 6294 1028 9484 172 5684 6577 8235 2298 9226 944 2143 8879 9932 7404 1361 6697 9637 7654 4540 8593 9100 7328 5996 8741 7636 333 1703 630 8810 6374 7183 1826 3338 516 6716 7505 4297 6206 1408 5417 6714 892 8280 1183 8814 7382 1150 6739 1873 9118 2534 337 5122 5526 6150 6941 1419 1788 5806 4672 6906 2199 9002 2644 6573 8980 9818 6413 6775 1189 6352 392 8455 7846 4154 
5939 
3469 4878 1054 
708 
2307 2837 2132 7461 6303 
4475 7904 8447 5322 7235 1519 4111 7338 
2225 9521 
9134 1022 5477 7478 
2915 7473 8274 
8072 7819 
7917 7854 3331 4173 8443 9731 7067 8524 9421 
3054 1425 
3534 4617 5537 
16 9375 7539 9945 2131 6675 6323 5813 9322 5884 5247 2825 2473 674 3201 8420 9918 9915 8991 4064 7454 1285 5433 3408 6867 8531 1940 3397 1674 8698 8013 5662 7671 5255 5006 3504 1073 8250 3549 7481 6227 5632 8196 3428 245 9634 8667 4608 6495 5194 847 5268 8709 3221 9771 2853 9095 6232 9473 5622 8834 6334 8022 7433 3106 9315 2542 9124 3667 8828 2581 7345 55 955 3422 7245 4785 2865 3807 763 3543 7834 2796 2270 9302 2993 5740 
8917 4995 1468 2098 
6180 9479 3013 135 9700 9976 8049 5705 
8638 4690 3728 5787 9903 3438 2985 4206 3308 
4926 8591 1906 6354 1199 7771 1241 5864 378 874 272 9660 5174 1215 8865 2016 3780 
3394 
3500 
6003 3877 
6567 1565 7071 
538 8349 3280 9208 3002 8256 
6987 6023 4149 8743 
8201 2531 2685 7229 7881 1600 293 
3921 7383 9053 8071 5091 
8892 5949 
3586 8032 7793 5463 6575 82 
9991 7775 3666 
9530 
6408 
9780 2219 1247 1513 9359 4204 181 4185 
6537 3371 8678 
3669 2288 1941 3843 8039 8819 
4529 2725 9198 
7203 4314 7217 5521 6138 3453 3775 1611 
812 9079 6670 
5540 4833 5583 
6490 7951 9038 6090 9997 7045 2987 5667 3421 7649 4616 5581 6751 2037 6990 3648 9057 9934 50 936 7905 7167 1490 7197 8319 8328 7312 1174 5442 2447 7747 3010 1323 1915 6160 1636 219 1767 1626 6007 
6131 7990 9777 1607 5106 4080 4404 
1131 4164 663 
9791 9867 5222 2350 6449 6215 2549 6389 7715 6893 3895 2212 2630 4273 
5352 4092 4476 
1219 5877 602 7150 
7692 1005 8815 8537 
6372 2084 1456 2919 7079 8768 5805 5459 3426 
4281 367 6836 9264 
1086 6792 3706 7948 
2647 
4405 9403 7093 5829 4359 4607 3307 7660 1083 2687 5895 5248 8666 7693 1536 2792 891 2127 
8584 2080 7909 3119 8505 7714 3862 9772 
9730 9163 3699 5661 9216 7630 656 8104 9987 5226 
9308 5036 2250 2469 8465 5724 4462 758 8793 3085 7512 406 837 5270 761 9373 8301 5058 6052 3312 7823 7504 8023 9080 6112 1178 8798 1844 6509 3378 67 8648 9489 7361 9825 376 9217 
3034 2506 6179 7400 3738 8062 830 2882 
6178 19 4090 4394 
3564 9204 4609 
4708 5014 4756 
1471 8498 8055 6502 401 5368 
6461 6234 2259 4569 1625 3661 9919 2090 3104 793 1291 3327 6202 4446 9940 7429 5855 722 3200 9583 2315 1290 
5863 5819 8776 1422 9232 9028 
9540 313 
4303 1464 7567 2295 2282 2781 8268 1529 9960 3520 6833 6888 2382 5376 2020 294 2254 4847 2400 3369 4263 5301 7493 7086 8542 589 8312 4368 2601 4562 9506 220 3396 969 
9034 1890 4727 9169 
1541 
201 266 9905 9531 7769 1566 8084 6849 3676 
1720 3623 2377 695 
1842 6168 7320 9708 4120 
693 5851 7130 243 
3326 5786 5789 871 7921 1122 6636 4055 3447 223 
2758 1496 4886 
2009 3415 7965 3299 6642 5044 4172 7300 9026 
688 
4825 5244 9966 5973 8118 5680 8345 1895 
635 8243 3207 1659 4138 
1936 9569 
9524 3123 1958 
2757 677 
2943 1990 1569 
751 482 8499 
3239 903 
6780 6333 
7956 8642 7944 7964 
5203 1698 
813 8736 6937 9237 9702 1173 4341 
8338 3722 8459 5801 1516 7560 7409 4144 8799 2948 5073 1845 5795 3556 
4076 729 
2831 2702 8003 
5201 8430 
7837 1918 
7653 932 9280 
709 9705 9412 7870 9943 
8758 6720 4077 7557 7290 1211 1488 1989 
6813 
23 2545 2694 5825 919 4333 931 8601 1316 167 
7848 9571 9084 5338 974 1568 7301 9189 17 7291 2665 5822 4392 2743 7844 1827 3179 6566 6214 9993 1136 5940 3320 187 9022 7639 8146 8416 750 9972 6048 6221 1373 8207 6287 8457 1439 2181 7005 1511 484 6955 4282 
1224 3979 8868 
9843 2209 
353 7402 8164 
1133 6910 5780 9195 5422 5635 474 6283 8309 533 4797 9261 8021 6299 8399 8797 8411 5447 9402 
4453 
6873 9594 5318 5360 5647 5658 5815 7270 4865 4330 3787 1421 
3094 7154 5629 9283 3975 
9970 
2236 3301 3254 418 
5971 875 
9672 2048 9954 1791 7031 8056 9922 5276 5756 1337 6217 583 9752 1231 6021 5070 2399 2960 1591 287 7496 9890 6253 2671 2336 7903 438 6473 4536 1321 9986 7526 2911 8406 1726 8672 9870 9192 2215 9707 6967 6564 170 4900 7353 5397 9008 8288 3471 5167 6101 7925 9390 9695 7624 7677 2741 9081 8647 9579 443 7650 8334 9030 22 9380 
1084 
7732 368 4175 6300 7397 4949 7895 7214 1186 2071 7884 7147 
2272 7080 958 662 1340 6095 2102 8677 7911 6829 8377 5762 2363 126 7622 9692 9438 7330 753 3204 8240 1781 5552 3876 6009 620 7548 2249 2963 6661 8837 6001 7792 2113 2422 4998 6515 8352 116 9116 177 5099 5715 8139 12 375 7006 5448 4942 4276 7215 5330 5229 9140 8135 8804 7209 4479 9845 8882 1063 1011 2433 4584 7502 9096 6679 8452 1521 521 5561 2125 6532 7898 6240 941 1926 3816 8680 8486 
1116 4428 2138 9191 5016 2343 3219 9061 
1379 1245 9336 
4105 4040 5659 8733 7746 9088 3211 4279 6219 74 4908 3528 6841 6656 7591 7475 5790 5123 1449 1445 2761 3345 2942 2139 6105 6667 7500 9146 3448 4197 4606 3984 7458 9180 3475 4063 3162 6613 6337 3112 249 25 4655 6161 8441 1428 3681 3663 7057 7716 8708 5984 7883 4436 5094 6772 8663 2805 8161 8582 24 6957 6484 5925 4709 9798 9605 3304 242 3296 2228 4366 1929 4994 1454 3163 6788 883 5591 4913 2884 7268 2262 9599 1135 8515 5858 6087 9125 422 4238 2718 6429 3525 41 715 7587 3550 6897 5527 1902 8078 9878 6639 4888 4542 8725 1071 6163 9963 9413 2335 7687 7667 2944 7868 7247 7989 6487 2019 3128 1862 7309 6757 8330 4744 9033 1240 4163 4671 4575 6821 2554 869 9429 5061 9480 6096 4721 8995 2144 7621 801 5502 9577 9016 2606 7706 8412 3878 7134 159 4495 2566 2022 1433 5671 3244 5976 5052 1667 5727 5009 1974 2442 6535 3292 7224 7172 1575 2012 1390 7962 1052 5361 7627 4355 5910 4216 3600 9350 5020 440 9613 1406 6431 3989 5579 1977 6621 4826 2891 1415 3910 5507 1567 1561 1182 622 3235 2186 2717 1081 2026 6399 5275 7058 6361 3485 3856 2731 592 5220 9449 7316 6142 3698 5487 6345 3771 5551 2597 6104 9454 8620 6912 9830 2688 6075 9274 4765 3905 1778 3349 4897 1192 744 7830 8784 5157 147 4068 9802 9900 7635 2703 4734 8933 2567 6887 323 8293 6226 1696 2222 5729 5281 9884 8091 2964 7044 7549 1253 1372 1618 2828 446 2045 5235 9493 3772 7137 2445 3770 2857 4267 6988 7700 6151 6808 6148 1344 1693 4715 2779 3841 4009 4636 6229 7164 7896 5720 7369 4522 3545 6296 8730 3626 5621 4032 3199 7340 5166 5536 5303 2973 1244 1040 1587 4385 2598 7575 9246 8821 4958 5265 1147 7377 3558 9598 3357 3276 2321 4846 3260 544 7902 9389 4745 7011 3470 
3554 6884 4621 4410 8906 5079 1758 6064 9505 1501 671 4157 6601 6486 4305 
436 109 684 3987 9358 3249 
6811 9979 
1055 
8216 5143 3796 8686 614 5311 1146 9851 3105 
5293 7114 
4356 3065 6062 7208 5674 1651 336 1127 
8337 
4694 7604 7128 826 8602 4828 7323 4521 960 5474 5137 3021 2652 4778 9769 351 2658 1794 
6063 2628 5453 5380 2619 9416 9811 2421 669 9207 2070 8598 1774 9733 3998 1999 648 9667 4409 8556 
8573 5339 844 4936 3245 3777 481 
1903 8847 4678 6085 1356 7522 
9610 7651 2353 5934 8946 8004 338 1771 
102 7827 8943 7246 
1831 5571 5945 1769 1295 
9278 6414 
6534 5401 3256 3851 3124 2863 4852 7523 9377 5686 5777 1640 1725 7437 224 7348 3228 8576 8242 
2159 3792 3029 9549 
1392 3196 7379 7460 2994 5234 2470 5363 
2641 
9379 3407 5107 
9980 4773 7738 87 
5498 9362 6355 9085 714 1889 8433 307 5673 9874 
514 
5873 9117 6773 4587 9689 5835 779 1259 5186 9388 4919 7810 4135 5113 8569 2405 4454 9885 6536 6306 3510 7233 455 698 6271 9897 7973 1770 3819 2111 
5472 
1530 569 
4967 5278 3047 553 2719 1806 7931 1284 9121 2287 515 5856 0 4742 7271 2755 3269 4066 4240 9989 8028 775 2398 6450 1365 1718 49 1930 7607 7538 1023 1328 2068 6591 8627 6949 2624 319 
4817 123 2396 4005 1535 7025 1683 2008 5261 1962 3173 7136 8415 7998 8400 5243 5219 4704 
6717 5968 8093 6996 5358 1242 1655 7121 5287 2711 8822 3786 2612 95 361 6923 2664 1777 7465 178 9250 3391 9339 6907 4783 7148 2334 6855 2848 5393 7138 7073 
1506 4226 4233 9677 
2086 
8715 4866 6782 
7408 3303 6827 9990 8570 2081 1762 7028 6742 5492 3117 6126 4896 2021 77 5766 8808 1914 3098 2756 8843 8007 7266 8979 7957 1196 6520 7254 2656 7375 3647 5402 2122 7858 7004 2032 8115 7938 8239 2459 6525 9862 7532 
8632 4086 6868 
3498 5936 9892 1634 8585 7305 1577 3387 6038 7603 6047 3548 675 7231 6034 8691 690 7518 4891 803 4894 9012 7117 5480 7519 2682 5660 6280 
7046 5464 7943 4450 9550 2956 915 2010 
431 1792 5331 
4668 5005 4378 157 1786 832 7186 9486 6589 6373 3670 983 9160 273 9509 4680 4920 1469 324 7843 6156 1594 9877 5937 8354 2121 7287 8894 6966 3783 4960 2593 5529 6033 6111 5118 629 9832 8671 6405 9836 9086 4689 7679 2052 5634 9329 3857 5587 9025 9937 8322 2610 4805 5432 1311 5128 2906 4555 144 6673 7443 5977 9529 5238 7971 71 7812 3821 6233 6426 3634 9432 5592 5057 8477 7817 5111 
3057 7185 
2889 8203 9491 7363 
7099 1180 8931 719 1512 3789 4803 6889 8854 1938 45 9996 1919 619 3977 7822 2895 9172 8607 5826 2709 2412 8748 7445 207 4663 2411 118 8081 4599 7341 8311 4530 760 1263 1835 1403 9913 9876 8900 5148 7839 6102 7234 4383 4801 6080 1248 1571 2995 4880 86 1353 551 4922 5105 6611 462 4693 3535 7670 6207 7780 7489 8166 4782 489 8901 4523 477 6474 8449 4497 5957 1678 8102 5566 8692 4425 9690 6128 6366 3694 3955 6488 3830 2355 2941 4571 1319 2813 3886 2273 5173 4996 845 1193 5681 8959 6856 1850 9553 5362 946 7471 8609 8735 6926 1218 7811 2621 8333 7297 1457 1444 6144 2330 5679 3006 7824 3028 2245 9396 6668 8781 3707 7194 6376 5666 6960 8082 7406 1931 2810 
9164 384 8215 370 6122 9457 5412 1213 657 683 4519 9936 7035 
2988 9494 888 
76 4824 8364 1942 
8878 175 1360 3604 2875 4234 250 6944 5353 
6769 
6664 601 6489 8253 
3832 3330 3287 1255 9324 106 5578 6659 1044 7063 3278 2803 
4150 8614 
8270 6628 496 975 5816 4901 
1034 9042 
5911 5032 4730 4486 9068 4357 7339 158 
3090 821 1955 7171 
2491 8006 1369 347 3653 2075 
3225 
8778 3322 9632 
232 
4677 5333 
7396 
2042 9102 
3384 4613 5250 
7131 613 728 8381 700 8840 1834 2752 3920 8577 8621 
2589 6933 8344 
8173 408 5239 
991 8144 8568 9430 8856 7082 4176 3914 4346 8947 1950 5147 7551 8095 8131 5889 6958 168 5890 5129 5285 97 8789 1126 5396 8838 6420 785 7423 7545 2744 2777 6241 4348 9693 4551 7125 8069 
547 
1598 6708 7178 
4736 9679 3342 5974 
3143 7598 7101 661 4398 
2416 3624 9082 5563 
8549 
6655 
517 1686 8922 
6527 4716 1949 4400 6134 2778 2568 7919 1755 5406 3967 2885 1734 2622 
1041 5409 6171 4046 
8367 916 4659 
5757 3434 4748 5688 8177 6857 3527 6498 9607 
1526 2256 5654 571 9749 7184 7920 3829 6103 749 1713 6348 3361 339 7015 3713 4251 7139 
6917 
6496 
9796 3591 9735 2768 1642 
8336 7576 9115 5151 7222 6458 9694 4178 774 6123 581 1602 6641 1871 1995 3084 636 4470 1797 8460 4822 6008 5117 152 3214 705 456 
3015 5954 8594 4500 8588 4631 2830 4184 5716 6307 9083 8487 541 6318 4223 575 4864 2490 94 5987 8100 4128 2764 5580 3785 1937 3444 56 3462 5125 736 1304 4626 6764 568 6010 9716 9304 814 8565 1243 4740 1268 2425 3039 2816 1740 8618 
4001 5742 6252 387 
1772 7257 4650 8654 5888 4528 8428 3717 
8937 5385 8803 
1282 5284 6107 7501 8374 1254 3825 4633 5938 
1632 
7223 4054 9168 6847 
4619 6793 1283 798 7111 
901 8974 2479 
4179 2657 9110 1599 5655 
772 215 5922 2765 3589 2659 5599 1606 2894 
7997 752 9831 7835 1911 
1965 4036 7152 
221 5399 2608 7264 1436 
5603 1377 
1197 452 7381 7704 1700 1166 6037 2615 
2588 3464 2000 557 2811 6412 4473 2649 8378 8501 5713 9368 6669 4229 9538 9227 6776 1027 8682 3114 5199 2550 3180 4358 1864 9150 1722 2713 4988 9230 345 7204 2965 2151 4058 6703 122 1294 5180 2261 8951 2704 2532 8318 8699 9156 4210 4107 9646 7218 7351 1141 3593 3868 9629 1811 7859 5246 4167 3871 5273 
5920 4148 27 6369 9820 8904 2172 
2958 127 
5958 7840 
3646 2845 4483 
5516 7001 4020 332 9827 4478 6351 268 6874 3935 9470 965 4667 2678 3257 507 4250 5465 6170 3746 896 2367 2794 5597 7892 7711 1654 7899 3044 5809 765 8971 4975 548 1477 9661 1349 5611 209 6743 9761 4449 9635 6935 9056 
1334 4953 
7162 4835 5732 3135 4285 
8823 3311 6447 3598 
6013 
2106 501 5975 5486 
1925 6074 4945 7055 6022 4516 1746 4701 3915 7741 2175 255 1112 6699 6543 5421 9233 5446 
2300 7528 9822 2040 9072 8198 3437 7758 
6866 
6544 8435 4414 5418 4859 1309 3121 4442 
523 966 6435 7066 
2734 504 
9478 8807 5392 8551 301 1857 373 2511 8939 8182 3581 2556 4907 2565 6843 3505 1363 9597 6069 512 4874 8227 
2712 3227 4813 2002 
2946 6055 5840 9221 7611 4293 6817 2677 9753 5775 6058 2518 5031 3319 6563 5838 
3033 6632 4829 
8719 1281 8202 
2148 7658 4546 
9410 8981 7372 
4887 125 271 7798 
9039 8779 
7619 
3693 5414 7718 4045 
3097 2187 2218 1333 2521 3023 8279 8786 979 3026 5997 9300 6715 8248 5832 8547 8277 6250 8466 9043 9938 4093 4561 1031 3325 9291 3657 3834 2050 7087 8325 2094 7109 703 5451 7195 7049 5237 9627 1091 3929 9010 7380 2453 8478 7311 7453 9471 1195 1395 1108 
9427 8548 5391 5211 5506 7205 3869 1821 1149 8763 9248 1708 6582 8393 9108 692 4384 7159 7534 11 8744 354 4463 4898 5102 1163 8559 6073 4049 6195 229 4219 9142 3726 1374 4557 2302 9971 3791 9807 6262 4763 6755 5726 1381 43 8747 1504 7586 8780 5027 3779 7740 7708 5434 3613 1303 4634 6365 3907 1113 8527 8098 5398 2017 486 9507 3082 1121 3150 1452 3615 998 1332 9734 3174 7000 7657 5120 1921 7202 7241 8611 8761 8266 2726 9755 7535 7887 7220 8401 7439 6201 3687 5606 3190 1629 1339 3861 3649 1742 4841 8853 7329 1190 1975 442 2179 6358 5134 4214 46 9384 5124 4591 2115 3763 8143 5633 1615 952 7042 5797 3801 2194 210 8572 5604 6322 2715 1424 1752 8237 1222 531 2409 4131 973 6754 1861 3749 6557 9138 9850 6124 6558 464 4965 5429 3212 9628 4 9927 3949 3644 1588 449 4018 5176 9499 2478 5728 2112 5893 9001 3659 2393 9515 1191 9046 8738 4652 9719 2808 660 767 4230 3136 4870 561 5280 764 2015 4985 4611 1288 8989 5799 9437 8221 1489 5517 537 1701 2076 3597 9926 3729 288 59 2767 3008 4326 2333 2464 197 5511 5811 239 1978 4312 9859 4186 9552 4959 7180 3058 7023 4586 72 3169 4354 6377 4605 4538 6865 7514 5232 369 3778 7189 8476 7425 1249 9758 2439 6570 5312 8867 6199 9534 7566 8326 8802 2686 7161 3297 8175 768 4858 483 6929 6507 5892 1465 128 5066 5642 7029 610 4550 6750 4543 8734 2385 2057 30 2653 4750 4673 6610 4300 5714 5765 9680 6499 5648 8267 978 9955 1095 4705 204 6578 2680 9253 6216 7146 6310 637 9643 5493 1555 1098 3149 9967 8041 3583 5441 1169 5605 5871 2038 7174 5885 163 1879 1237 8624 5310 2842 7498 8864 3863 912 4402 5878 2035 6819 3702 240 9642 4902 4622 9535 8604 9933 9701 7860 3848 9620 4757 9953 8929 7491 1096 2426 34 8508 3334 1807 3102 5445 6185 9159 3181 1065 2196 1515 3417 9640 5457 9875 1612 9385 1905 3682 4873 1576 1800 2638 4139 8664 7829 6276 5425 9920 1315 9982 7801 5624 6403 3366 6162 9576 4583 4482 1310 4110 465 469 3481 4731 4015 2471 8538 7089 6980 2773 7733 1366 4484 4019 5121 5927 9715 1951 2826 4424 1731 2432 1132 8513 1134 5821 6147 890 1558 8225 2668 6263 7626 4503 4867 4287 3145 1657 852 5718 8930 3811 9767 4061 3314 959 1175 2710 8386 9241 4863 8504 4021 9857 1912 3423 7813 9321 4946 4227 1172 6553 8094 6778 6683 2029 6175 550 5439 7963 7039 1017 4614 710 5484 9229 950 4776 508 5473 9294 9931 6317 9815 2482 7356 8712 3482 4788 8759 3686 1542 5745 6872 6332 7140 1979 4419 7897 1123 1152 4125 3351 2306 3335 3268 8848 5092 1407 3996 5941 9332 4170 2043 6695 9573 2161 6803 6430 4327 5108 9746 9681 5377 4753 1661 7310 2 6797 2327 4906 3831 4755 497 994 6516 1459 2935 2788 8723 8727 8331 879 6193 2969 5501 726 6125 9891 1870 7584 2088 4912 3885 8955 3947 4474 8213 4854 701 9998 1267 8423 1111 7912 8323 5831 6826 7547 7770 5342 8408 9834 724 6436 731 390 2844 9420 1286 3404 3406 364 1301 927 1 6928 564 6091 4396 6951 8908 7932 7427 9951 9431 1235 7856 9345 2117 7757 6452 3100 9682 296 7556 3116 4031 5252 951 1210 7156 6359 148 7717 4212 9424 4258 8375 8762 7256 9898 4408 2378 8790 924 7038 4361 2999 7469 1446 18 3622 3399 4438 2474 5824 7696 1061 5420 2809 4707 9872 3429 3230 3727 6016 5804 9592 8469 5725 5028 9254 748 2819 2167 8675 4074 5665 7421 1828 8842 4729 8617 3412 6759 3491 1124 6504 9023 5555 1628 5023 2850 6745 3903 2801 6756 5336 2308 8616 3461 4182 9841 409 3427 3332 889 992 9418 3754 5319 303 8180 6692 9475 5175 1364 439 1624 4722 8610 3016 972 9828 5438 1312 8419 4127 3450 8307 5454 1405 7648 4527 9153 3817 4821 2097 8439 4224 9267 1904 8676 8247 5083 3376 4151 2896 2769 9476 938 3904 659 1836 7697 8238 9266 9139 4491 7789 7867 6729 8059 6388 2992 8117 3692 8923 6409 5177 4944 8005 4106 9623 9975 7259 4929 1097 5868 1273 9611 5415 5109 6417 6482 5097 6903 3302 3753 3038 2452 1961 463 61 2759 5296 4564 1030 8757 4183 5038 7207 2220 6244 7163 1719 9157 4947 2576 6718 7261 3820 6984 4481 1672 7239 4209 3205 4225 6904 2614 5021 5110 7993 9170 6228 2637 6243 937 4406 5867 895 1743 3259 2978 211 8713 4560 7862 1900 3298 1787 5126 1006 9985 9482 9285 4789 1056 8796 5763 4980 3721 1664 7620 611 595 3908 1969 3290 9223 588 654 9452 3716 3965 855 3990 1986 3588 4010 7970 6364 2137 3362 5781 7800 680 2735 6110 1601 2158 6956 1200 4124 2370 2530 227 670 7634 5024 1357 1384 5618 4723 6905 5509 853 6706 6209 6518 5424 2971 2281 2879 4941 520 8669 7869 1029 2807 7918 9633 6471 6746 4126 5146 8219 3020 1685 7064 7281 5264 5992 9411 4198 2818 4620 5183 5314 5749 8706 3759 1874 827 7737 3217 1472 7074 9741 7940 5547 7723 3507 7280 8656 5963 6260 8185 5568 4246 1901 9817 8186 930 3580 7132 7572 9684 1679 1757 2297 578 5263 9863 8246 7581 6401 2065 4427 7707 1165 2184 1888 5206 5850 1440 6612 3530 1257 3512 1557 6602 1564 9182 52 7511 6475 
7991 6603 
8103 7263 6136 1156 8606 8816 5650 4304 7807 1434 9724 6282 1669 
6469 9 7826 
320 8935 9805 7941 8597 8567 6181 5215 943 5706 3 9148 3086 4972 8456 
649 6825 68 2047 
3865 2322 
8073 3945 7577 1043 2847 1198 3359 6721 3343 6789 8052 5646 7252 5015 
4239 3487 105 7751 9582 5136 8512 4112 2263 6713 2309 4700 920 235 605 7253 6006 9048 7507 4118 3274 7274 1404 7874 8863 129 9882 5476 2921 488 3602 8128 1994 9364 8720 1494 279 8347 111 9371 
9924 1996 857 
3616 3251 4610 
1093 8410 593 858 2905 7954 5944 7398 4155 
4974 9144 8292 4654 6607 8704 3740 
3341 2417 5546 1207 8831 8742 6068 3711 2913 3917 2145 6672 6678 819 9765 500 909 7699 4793 3739 8485 217 704 2347 3607 2607 3948 2509 3974 5528 328 4254 6210 3743 3943 5271 3897 
3690 9488 5214 7144 1893 8230 8222 4222 6680 7350 2525 9838 3377 2079 5520 863 2202 
2899 8159 9055 4714 
8208 412 8972 
9606 9718 8126 9306 4262 8217 7238 8008 7727 3178 5149 
591 274 7515 6293 4844 7019 7392 6390 
383 6291 
9200 5701 6386 
7953 9786 
1745 3806 4877 6256 
9676 51 3555 5080 8291 5512 5019 2463 5274 
6894 3879 4660 2966 
8587 9270 2224 407 3240 5852 2951 6995 584 1852 9889 1810 8097 8818 3410 6457 6521 3890 2069 
4549 80 5752 4838 1103 2920 7037 9586 315 2493 1933 1470 6689 6548 1107 1280 2673 3266 7175 3442 4850 5440 5796 3563 3152 3358 4403 357 2198 3060 1637 7937 4109 5693 886 7877 5738 7463 1155 6159 6115 2645 7007 7192 1586 9595 1796 6 8329 2596 939 3973 9193 6290 993 7590 3695 5836 4541 5649 2041 5452 9107 9740 7191 5886 6809 1648 3187 2874 3339 5915 8 6896 6385 6284 6723 9994 2007 6795 6027 1954 9126 9130 4067 7036 8825 8729 3579 6725 9806 5898 8259 6230 5343 5967 141 506 2862 8787 90 8961 9974 5390 8792 7571 8324 2736 2617 218 9722 2238 5403 9201 7376 3518 1001 8968 4924 4999 7199 2266 7978 9492 9477 4259 304 2729 7449 9162 9601 1533 2799 5514 7438 5035 6662 3189 8608 6916 1385 9854 1603 9600 9699 9311 9263 2185 99 6686 7240 6687 4767 1160 6257 160 5912 8564 5302 6392 6576 9404 9131 2454 318 1690 3674 2900 2860 805 1484 154 6740 5828 3000 4688 140 6224 7945 5946 7521 6109 5891 1387 2986 4002 7043 4879 4443 3923 7766 2821 9941 2864 1814 8927 9512 9956 2153 4004 2149 2820 5953 6265 281 6139 9542 7787 8170 9539 5289 4203 1748 5182 498 7236 8857 7926 9853 6963 682 8209 2361 3272 3849 5730 233 6832 9949 2063 596 9203 7838 870 5899 7008 1423 7450 2155 8636 6615 2730 83 7479 7726 6036 312 3253 9401 8836 6998 2623 1927 396 644 3382 6051 3891 7752 1157 6961 360 8550 9209 5608 8484 5294 7210 5198 9467 2195 7841 8626 878 9866 1815 173 8160 316 3388 658 4602 9481 5356 2514 308 5306 3888 226 3940 3768 2579 599 6696 6556 2751 9383 720 6560 298 5704 8483 8889 7562 1735 4467 3898 4997 838 2374 807 2584 757 7269 3122 598 1971 359 8924 6681 7299 2705 7968 8316 503 645 7777 349 9040 5159 7315 5995 3969 3776 5519 3874 4600 8659 2082 6072 2599 2190 5153 35 3970 7431 6598 4752 2466 6698 552 85 6341 8519 4918 8123 8064 5335 84 
576 137 3074 3590 
2011 733 606 
6071 4882 4158 9591 4692 4489 9399 7966 2747 4661 4079 3158 9656 4323 3393 183 2546 8518 6972 2625 1398 4390 539 4595 2890 6838 9644 6295 1813 4469 2613 9265 565 4277 4637 3088 291 7492 4703 415 4505 
