989 8204 8613 9313 2508 515 2565 3110 297 
4072 8564 3607 9973 2229 868 9476 1695 956 
3910 
7767 2947 4777 6975 9728 5669 3285 6359 1275 20 6476 4269 7695 2914 9018 4874 127 6873 1179 1824 4341 1656 8377 5892 9157 7787 2249 
2797 2931 3080 4160 
4017 5755 6841 1666 449 5614 7349 6351 7762 5791 4016 8712 3317 5062 3220 4682 6889 1311 
3698 
8205 7344 3963 2629 
8315 1093 4962 9754 3326 557 9892 8157 3801 9386 
2634 6414 9115 5433 6631 1141 4430 2834 4280 4941 9531 1935 
8642 5095 6780 907 
3772 
5247 874 4866 
6043 
7021 
9354 
1652 
8456 
8615 
3745 284 
6638 
9799 
8763 
7498 
