30.0 29.0 21.0 
22.0 19.0 30.0 27.0 34.0 57.0 38.0 27.0 47.0 31.0 32.0 18.0 36.0 
32.0 35.0 63.0 
41.0 61.0 38.0 32.0 50.0 35.0 36.0 
46.0 22.0 49.0 
31.0 25.0 30.0 42.0 33.0 36.0 28.0 
37.0 54.0 54.0 24.0 43.0 38.0 41.0 49.0 34.0 31.0 43.0 23.0 40.0 34.0 36.0 18.0 46.0 20.0 25.0 27.0 50.0 25.0 23.0 38.0 40.0 26.0 50.0 29.0 38.0 38.0 27.0 41.0 57.0 52.0 54.0 16.0 47.0 31.0 26.0 53.0 19.0 48.0 40.0 41.0 49.0 49.0 50.0 42.0 52.0 43.0 38.0 44.0 41.0 27.0 36.0 39.0 38.0 36.0 36.0 40.0 53.0 38.0 16.0 35.0 47.0 41.0 43.0 35.0 44.0 40.0 29.0 44.0 39.0 46.0 
32.0 26.0 37.0 
38.0 30.0 51.0 39.0 54.0 38.0 52.0 
54.0 45.0 36.0 
22.0 39.0 36.0 
47.0 39.0 44.0 
24.0 28.0 46.0 
52.0 22.0 40.0 
38.0 19.0 27.0 29.0 20.0 24.0 54.0 
29.0 30.0 46.0 
26.0 36.0 37.0 23.0 38.0 24.0 28.0 38.0 22.0 30.0 27.0 31.0 19.0 35.0 25.0 27.0 27.0 34.0 30.0 39.0 39.0 29.0 53.0 26.0 21.0 34.0 29.0 49.0 25.0 57.0 26.0 33.0 28.0 
56.0 42.0 47.0 
25.0 59.0 25.0 34.0 37.0 51.0 41.0 30.0 56.0 24.0 51.0 33.0 27.0 24.0 26.0 
63.0 48.0 43.0 
50.0 44.0 34.0 44.0 29.0 52.0 47.0 42.0 40.0 37.0 61.0 43.0 50.0 30.0 33.0 43.0 52.0 41.0 19.0 45.0 28.0 23.0 30.0 50.0 32.0 26.0 41.0 47.0 32.0 43.0 40.0 43.0 33.0 
46.0 48.0 45.0 
62.0 51.0 
37.0 35.0 26.0 
31.0 55.0 41.0 30.0 39.0 44.0 40.0 
37.0 25.0 38.0 
28.0 25.0 34.0 25.0 37.0 39.0 35.0 30.0 23.0 44.0 30.0 29.0 49.0 49.0 33.0 23.0 34.0 18.0 54.0 33.0 26.0 29.0 52.0 45.0 27.0 28.0 33.0 27.0 18.0 46.0 18.0 28.0 38.0 44.0 29.0 
28.0 49.0 27.0 
67.0 19.0 43.0 
41.0 27.0 46.0 49.0 51.0 43.0 52.0 36.0 32.0 40.0 25.0 24.0 48.0 41.0 33.0 
50.0 31.0 22.0 37.0 52.0 35.0 
33.0 25.0 41.0 
20.0 47.0 20.0 30.0 41.0 29.0 
48.0 51.0 55.0 41.0 40.0 45.0 34.0 
18.0 24.0 51.0 
35.0 21.0 58.0 38.0 38.0 48.0 40.0 56.0 33.0 33.0 43.0 41.0 64.0 37.0 49.0 
36.0 40.0 43.0 
42.0 51.0 55.0 
51.0 44.0 49.0 
28.0 52.0 21.0 
26.0 43.0 25.0 
18.0 42.0 39.0 19.0 25.0 44.0 39.0 26.0 18.0 19.0 20.0 
61.0 64.0 40.0 
73.0 70.0 21.0 
22.0 43.0 38.0 50.0 28.0 35.0 
20.0 38.0 20.0 
39.0 43.0 53.0 35.0 41.0 32.0 23.0 48.0 41.0 53.0 33.0 35.0 21.0 39.0 
33.0 33.0 21.0 
26.0 46.0 29.0 54.0 39.0 29.0 44.0 26.0 27.0 31.0 47.0 39.0 45.0 52.0 36.0 52.0 57.0 27.0 55.0 34.0 51.0 34.0 41.0 31.0 25.0 29.0 39.0 48.0 44.0 38.0 29.0 34.0 24.0 41.0 22.0 25.0 20.0 30.0 52.0 33.0 34.0 30.0 36.0 23.0 33.0 20.0 24.0 49.0 44.0 33.0 31.0 26.0 45.0 20.0 46.0 40.0 37.0 28.0 21.0 55.0 34.0 24.0 38.0 54.0 46.0 37.0 45.0 57.0 20.0 38.0 38.0 50.0 34.0 46.0 52.0 34.0 33.0 29.0 20.0 32.0 28.0 26.0 39.0 36.0 28.0 46.0 37.0 26.0 30.0 33.0 34.0 42.0 57.0 39.0 42.0 41.0 23.0 24.0 44.0 38.0 39.0 41.0 52.0 31.0 55.0 28.0 20.0 41.0 31.0 26.0 30.0 33.0 47.0 19.0 30.0 31.0 52.0 34.0 30.0 41.0 21.0 21.0 26.0 34.0 41.0 35.0 21.0 27.0 38.0 23.0 37.0 37.0 35.0 26.0 26.0 35.0 23.0 36.0 29.0 20.0 39.0 43.0 29.0 45.0 51.0 59.0 34.0 56.0 40.0 32.0 44.0 47.0 21.0 33.0 33.0 45.0 20.0 33.0 40.0 51.0 59.0 29.0 40.0 40.0 34.0 38.0 44.0 44.0 19.0 52.0 49.0 
32.0 45.0 29.0 
43.0 30.0 45.0 33.0 19.0 44.0 35.0 31.0 40.0 27.0 49.0 46.0 36.0 35.0 22.0 30.0 44.0 41.0 44.0 22.0 41.0 26.0 47.0 34.0 21.0 42.0 48.0 43.0 24.0 45.0 58.0 40.0 21.0 44.0 50.0 40.0 48.0 20.0 44.0 53.0 29.0 23.0 20.0 30.0 52.0 44.0 51.0 40.0 49.0 35.0 55.0 25.0 36.0 48.0 42.0 41.0 25.0 20.0 43.0 48.0 27.0 43.0 26.0 49.0 51.0 31.0 53.0 49.0 39.0 30.0 31.0 50.0 45.0 21.0 
36.0 38.0 43.0 
28.0 46.0 20.0 37.0 31.0 19.0 30.0 36.0 45.0 30.0 40.0 49.0 43.0 31.0 48.0 41.0 41.0 26.0 38.0 30.0 48.0 28.0 25.0 29.0 29.0 38.0 38.0 29.0 38.0 29.0 28.0 36.0 33.0 
28.0 23.0 32.0 31.0 54.0 63.0 28.0 
40.0 48.0 50.0 30.0 48.0 49.0 30.0 
61.0 31.0 37.0 37.0 25.0 39.0 38.0 25.0 40.0 41.0 27.0 45.0 55.0 47.0 45.0 39.0 31.0 24.0 37.0 45.0 26.0 30.0 41.0 42.0 28.0 29.0 59.0 34.0 48.0 20.0 34.0 52.0 34.0 45.0 28.0 
51.0 51.0 29.0 32.0 27.0 41.0 47.0 48.0 27.0 34.0 27.0 30.0 39.0 42.0 47.0 40.0 44.0 30.0 33.0 46.0 31.0 41.0 37.0 35.0 54.0 52.0 37.0 45.0 43.0 50.0 25.0 37.0 
26.0 39.0 37.0 48.0 43.0 41.0 23.0 
36.0 40.0 37.0 
57.0 43.0 39.0 46.0 45.0 28.0 35.0 23.0 44.0 44.0 55.0 50.0 44.0 33.0 22.0 
25.0 37.0 26.0 
66.0 54.0 37.0 48.0 42.0 45.0 36.0 
51.0 30.0 48.0 
43.0 28.0 42.0 50.0 23.0 54.0 54.0 
54.0 43.0 41.0 
46.0 33.0 42.0 
25.0 22.0 46.0 22.0 36.0 38.0 33.0 36.0 33.0 53.0 33.0 31.0 64.0 45.0 35.0 
28.0 31.0 47.0 
44.0 54.0 41.0 30.0 29.0 28.0 23.0 
36.0 32.0 37.0 26.0 39.0 39.0 
36.0 31.0 25.0 
39.0 40.0 31.0 55.0 59.0 42.0 42.0 26.0 35.0 36.0 34.0 35.0 30.0 44.0 
30.0 33.0 44.0 20.0 37.0 30.0 42.0 
60.0 32.0 41.0 39.0 31.0 52.0 23.0 37.0 28.0 41.0 49.0 23.0 47.0 26.0 59.0 52.0 55.0 38.0 30.0 20.0 50.0 54.0 43.0 42.0 28.0 34.0 29.0 31.0 55.0 36.0 36.0 37.0 39.0 58.0 47.0 54.0 22.0 50.0 26.0 40.0 30.0 59.0 37.0 55.0 37.0 42.0 46.0 52.0 26.0 51.0 48.0 34.0 27.0 56.0 40.0 45.0 21.0 56.0 50.0 38.0 57.0 39.0 22.0 54.0 36.0 55.0 36.0 36.0 21.0 31.0 48.0 26.0 36.0 35.0 59.0 32.0 53.0 38.0 32.0 30.0 48.0 45.0 33.0 35.0 40.0 49.0 55.0 49.0 59.0 56.0 36.0 25.0 46.0 34.0 38.0 24.0 44.0 50.0 58.0 43.0 43.0 36.0 35.0 48.0 30.0 43.0 40.0 51.0 37.0 40.0 37.0 36.0 51.0 54.0 25.0 30.0 56.0 48.0 50.0 44.0 51.0 53.0 41.0 60.0 38.0 49.0 37.0 42.0 36.0 37.0 39.0 26.0 33.0 53.0 59.0 27.0 32.0 39.0 24.0 28.0 30.0 46.0 22.0 38.0 22.0 52.0 55.0 45.0 53.0 27.0 57.0 28.0 33.0 49.0 46.0 51.0 53.0 44.0 56.0 40.0 28.0 57.0 51.0 36.0 45.0 62.0 32.0 34.0 37.0 41.0 50.0 44.0 36.0 
29.0 49.0 27.0 
49.0 37.0 
44.0 40.0 50.0 
39.0 48.0 
26.0 41.0 52.0 
57.0 54.0 
48.0 51.0 37.0 31.0 47.0 27.0 40.0 38.0 46.0 37.0 39.0 37.0 51.0 
37.0 27.0 49.0 
23.0 42.0 33.0 
41.0 27.0 51.0 23.0 57.0 44.0 24.0 53.0 37.0 41.0 29.0 31.0 35.0 37.0 
43.0 38.0 48.0 41.0 40.0 42.0 25.0 
43.0 26.0 43.0 54.0 49.0 35.0 29.0 38.0 37.0 45.0 38.0 48.0 32.0 37.0 51.0 46.0 30.0 54.0 51.0 32.0 51.0 40.0 30.0 46.0 22.0 45.0 27.0 36.0 31.0 50.0 41.0 41.0 35.0 
47.0 43.0 56.0 36.0 31.0 53.0 48.0 35.0 36.0 38.0 39.0 47.0 45.0 37.0 
35.0 36.0 30.0 29.0 28.0 48.0 20.0 53.0 25.0 28.0 38.0 41.0 41.0 48.0 49.0 39.0 50.0 52.0 28.0 21.0 38.0 32.0 48.0 33.0 41.0 55.0 53.0 24.0 46.0 45.0 47.0 54.0 27.0 26.0 
31.0 56.0 55.0 58.0 33.0 52.0 20.0 
50.0 48.0 35.0 
22.0 59.0 27.0 26.0 39.0 48.0 27.0 34.0 22.0 21.0 26.0 39.0 32.0 43.0 35.0 36.0 23.0 37.0 48.0 38.0 32.0 39.0 29.0 47.0 34.0 39.0 30.0 46.0 42.0 37.0 32.0 54.0 35.0 
30.0 34.0 
62.0 36.0 41.0 
33.0 30.0 51.0 48.0 42.0 28.0 32.0 29.0 38.0 38.0 44.0 30.0 27.0 34.0 49.0 
68.0 29.0 54.0 
36.0 52.0 35.0 
42.0 43.0 28.0 
26.0 32.0 31.0 28.0 35.0 54.0 42.0 26.0 43.0 43.0 42.0 55.0 49.0 
61.0 36.0 29.0 47.0 22.0 34.0 39.0 48.0 50.0 56.0 37.0 25.0 23.0 40.0 32.0 40.0 37.0 38.0 59.0 32.0 32.0 45.0 26.0 49.0 37.0 23.0 52.0 36.0 23.0 37.0 38.0 50.0 32.0 22.0 41.0 46.0 52.0 64.0 39.0 61.0 39.0 46.0 52.0 28.0 29.0 36.0 44.0 41.0 41.0 21.0 41.0 38.0 55.0 45.0 57.0 39.0 40.0 57.0 37.0 35.0 24.0 53.0 31.0 31.0 43.0 31.0 39.0 20.0 42.0 50.0 36.0 33.0 31.0 46.0 54.0 
74.0 34.0 
27.0 44.0 44.0 
25.0 23.0 35.0 30.0 22.0 29.0 
25.0 34.0 38.0 29.0 63.0 21.0 43.0 29.0 49.0 30.0 61.0 27.0 61.0 35.0 53.0 
55.0 50.0 49.0 
27.0 41.0 54.0 21.0 37.0 33.0 36.0 27.0 29.0 35.0 54.0 42.0 49.0 23.0 21.0 20.0 54.0 54.0 35.0 47.0 48.0 23.0 46.0 26.0 37.0 33.0 33.0 33.0 36.0 43.0 58.0 
26.0 48.0 44.0 
35.0 53.0 39.0 
54.0 26.0 
33.0 45.0 48.0 35.0 43.0 39.0 57.0 33.0 28.0 32.0 41.0 31.0 39.0 38.0 45.0 40.0 30.0 29.0 36.0 33.0 22.0 59.0 27.0 29.0 20.0 51.0 58.0 44.0 22.0 31.0 28.0 32.0 34.0 
48.0 41.0 49.0 
68.0 69.0 50.0 
47.0 31.0 35.0 
49.0 43.0 54.0 
69.0 48.0 46.0 
33.0 28.0 37.0 48.0 41.0 31.0 55.0 
33.0 43.0 28.0 41.0 38.0 25.0 39.0 37.0 24.0 34.0 20.0 32.0 49.0 25.0 58.0 45.0 51.0 27.0 26.0 53.0 54.0 41.0 33.0 30.0 31.0 39.0 42.0 51.0 42.0 32.0 53.0 41.0 46.0 36.0 
52.0 33.0 54.0 
37.0 40.0 28.0 
55.0 26.0 53.0 
62.0 33.0 26.0 30.0 29.0 25.0 28.0 
60.0 59.0 27.0 
46.0 25.0 54.0 
49.0 47.0 
28.0 34.0 22.0 26.0 28.0 43.0 27.0 
47.0 42.0 
43.0 25.0 58.0 
60.0 31.0 30.0 25.0 36.0 41.0 40.0 
26.0 21.0 43.0 
26.0 25.0 36.0 
34.0 38.0 32.0 
50.0 20.0 44.0 
44.0 47.0 27.0 45.0 50.0 43.0 41.0 
39.0 42.0 45.0 
38.0 47.0 42.0 
28.0 35.0 43.0 45.0 48.0 42.0 32.0 
30.0 37.0 25.0 
76.0 31.0 31.0 35.0 34.0 29.0 38.0 
50.0 31.0 45.0 
30.0 48.0 39.0 
27.0 47.0 21.0 30.0 28.0 49.0 21.0 42.0 28.0 47.0 47.0 39.0 27.0 31.0 29.0 
27.0 29.0 47.0 44.0 24.0 55.0 41.0 32.0 35.0 25.0 53.0 47.0 51.0 27.0 
30.0 42.0 23.0 
30.0 20.0 23.0 
