29 55 
53 
56 59 
58 59 
64 61 20 
40 25 
41 17 45 14 44 44 
48 22 14 6 42 50 47 
35 25 31 37 3 
30 
28 24 
38 
30 
67 7 3 
32 9 9 
41 2 41 11 42 
53 58 
74 42 
54 
57 58 11 14 
34 47 
38 15 38 12 
32 11 
35 9 4 6 26 
51 9 
35 
42 34 3 
26 3 27 31 
60 17 64 
70 42 
64 67 
73 20 
35 
92 15 
64 32 2 12 
26 27 19 34 
81 63 18 4 
31 6 6 56 
48 5 42 
42 14 
26 6 
88 15 
31 
45 
81 
55 26 4 
52 
46 
50 8 
30 
41 
45 
34 28 2 21 
78 45 
71 
57 
80 70 
63 
62 60 
63 19 
30 33 
81 13 
49 57 11 
31 31 33 5 
60 18 
24 46 
46 
37 
62 60 
21 
38 6 
24 24 
21 22 0 43 
67 37 67 
18 
49 14 31 51 12 15 47 
19 
70 46 
31 8 31 6 7 34 
91 14 
48 49 
89 78 
39 11 
46 15 
51 3 7 
31 8 
49 
41 4 
23 
32 32 1 8 
36 38 5 
62 64 
39 33 
46 
72 
34 28 
65 68 
34 
24 
45 32 
24 31 
64 62 59 5 13 
94 
38 36 38 
44 
41 
40 23 
70 71 2 
40 37 0 11 18 40 
59 55 
36 7 16 
30 30 32 9 1 33 
61 16 
24 9 41 25 
33 25 
58 14 59 56 64 
25 0 
64 23 
69 69 
80 
47 45 
33 3 
77 79 13 
38 
40 6 38 1 
69 54 26 40 
67 56 60 64 
83 48 
66 
53 
37 9 64 
33 7 57 
72 8 
62 37 
66 12 
66 
51 
39 
44 44 4 
56 0 
67 43 33 
48 77 41 50 
54 59 
26 29 
49 46 11 47 
54 14 
40 6 
66 
74 32 
61 58 
36 
67 19 
58 10 
69 
65 43 8 3 25 
30 33 30 
47 46 47 
43 
82 
56 28 38 35 
49 39 
49 9 46 50 
66 54 
27 
44 
53 46 4 
45 15 21 15 
56 16 
68 14 
62 33 
42 
39 0 
67 
72 17 38 
28 
20 32 52 20 
59 56 
21 
83 77 
18 
73 73 11 74 32 8 11 
86 6 41 4 
36 
66 68 
43 
43 41 11 42 
23 26 22 
33 1 
52 32 
69 8 
45 24 15 47 16 
44 28 5 
54 
21 
35 14 
82 
65 34 
29 28 29 
27 32 8 3 
89 49 
56 
71 13 66 
40 13 12 40 23 3 5 
31 
48 40 25 15 30 0 
57 32 2 52 
30 
34 34 
28 26 20 
62 60 
55 39 
19 
68 
56 2 
64 30 
25 23 
67 65 
25 27 29 
52 53 24 
63 0 55 
22 
57 
25 7 
45 16 
59 
53 
31 32 
43 
48 45 48 27 
37 36 
35 
71 36 
58 0 
32 34 7 
73 39 
41 6 
36 
43 68 
52 6 6 26 
34 34 31 2 
31 30 0 
35 
76 
88 
19 
29 23 26 26 28 0 
79 30 
71 
67 
64 8 
74 
42 10 
31 29 
18 15 18 
54 46 16 62 28 56 51 
25 
64 
66 65 
66 
69 41 
25 24 2 29 
65 68 
45 41 
45 22 16 
53 20 54 11 
88 
76 27 
38 0 
38 13 3 6 44 13 
18 
21 
42 13 
78 
56 55 54 
48 54 17 2 
18 10 5 16 
67 66 
77 
66 50 
62 2 
70 
31 6 34 34 31 31 
68 
34 
52 
25 51 
51 17 11 25 
40 33 
34 29 28 36 26 
28 59 
28 
44 13 5 21 43 
63 
47 49 9 13 
25 
56 21 
43 13 37 41 
19 
28 
32 
41 44 7 25 53 14 
20 58 23 
53 16 26 50 
53 49 53 29 31 
39 2 5 1 
39 72 10 31 26 36 
20 
22 
30 
57 25 7 22 
37 
66 32 
50 27 0 3 17 
37 
71 40 73 
41 10 13 0 
29 
34 34 
35 39 
53 17 4 61 
72 37 7 
39 35 0 
58 46 
36 37 25 39 
61 
62 55 
51 4 
49 42 
33 1 2 33 
35 38 12 37 
80 50 50 28 6 
26 
97 79 
74 37 9 7 71 
56 34 
76 
56 46 35 
51 21 
60 63 
72 78 
65 7 11 63 
56 28 
53 34 
68 69 58 
75 27 
70 43 11 
74 39 
50 21 0 
37 
52 21 43 
78 54 
67 28 
72 18 
68 20 
64 
75 
21 20 0 20 22 
79 15 58 
26 
52 7 
52 15 
27 25 68 
91 76 
64 60 
19 
37 9 5 
18 
37 
61 62 
30 9 33 34 
82 19 
66 28 
69 14 66 33 0 
69 55 
87 52 
32 49 
47 52 16 29 31 47 
46 12 11 52 
35 9 36 13 1 
47 49 10 
56 57 62 
53 23 47 24 
39 2 1 
34 26 14 
22 5 27 
76 11 
38 5 4 32 
53 50 7 
80 66 
43 30 
63 56 
52 31 4 52 60 
48 
35 5 6 1 37 
32 31 
57 9 
34 
62 61 
50 
49 24 
19 
80 12 
79 20 27 7 
44 42 18 40 
58 49 
47 38 48 16 41 48 
57 13 14 
45 16 47 
66 
37 8 33 
79 
75 30 
58 25 10 
69 37 53 
19 
47 
62 30 
39 6 36 
22 
35 7 7 11 32 40 
66 2 57 
67 35 
24 
55 65 
58 32 
47 17 14 18 48 46 22 
50 50 24 
32 
36 14 11 11 36 
56 28 
54 10 23 
45 77 
52 
66 69 0 
18 
52 42 22 
55 
34 
22 
87 6 
47 49 23 
52 
34 42 26 7 
77 10 
43 2 
41 11 
31 9 
40 
20 15 48 
65 
53 41 
54 
54 53 52 21 
68 68 
21 14 20 
18 
64 70 28 22 30 28 
60 60 
96 12 
56 8 
42 5 
62 39 4 61 
28 51 
44 3 5 32 
42 12 41 16 
24 28 23 
45 55 
21 22 25 
50 21 34 
36 36 31 
59 27 
45 11 22 16 
49 27 16 
67 75 
38 
32 
69 
45 
53 16 26 12 17 
56 56 
67 5 12 
60 
65 28 
45 11 
52 29 
19 
45 47 15 24 37 
25 29 
36 39 12 
29 35 27 
26 
57 52 
68 11 
33 11 31 
57 
53 53 51 
40 12 32 34 
64 27 31 24 33 
77 8 
19 
76 3 
27 2 
30 31 
32 11 34 
63 32 
72 6 
41 
28 47 21 
51 11 52 29 29 
33 52 
76 2 
50 
70 13 
18 
51 12 30 
53 12 
53 
19 
23 
46 46 27 67 31 25 48 
66 67 
30 30 
51 47 
21 27 5 42 
45 5 49 37 13 
70 14 
26 22 23 1 29 3 
53 28 52 29 
45 49 
45 55 46 48 
47 45 47 45 16 
41 43 40 
52 2 19 36 
47 16 
68 
66 10 67 59 6 36 
46 15 
35 7 6 36 
22 55 46 
55 39 55 
45 17 45 42 19 29 
56 59 21 29 
58 6 
38 5 5 36 27 
32 74 30 9 34 
89 25 
45 12 19 41 
44 11 39 66 11 
32 0 8 
67 37 44 45 21 
33 
23 
63 
22 48 20 32 46 
52 
35 37 7 24 
54 13 43 50 
54 10 
69 
38 11 21 
55 
45 17 17 27 
64 31 60 15 
38 40 43 
29 
28 28 48 
80 79 
71 10 
66 36 
59 26 56 
34 34 
35 39 68 15 13 
52 24 
62 
38 18 5 
21 
45 26 31 49 
61 39 25 
79 54 
35 13 9 9 15 40 
51 
96 46 
54 28 53 25 
63 3 16 
30 
44 30 34 9 32 
49 17 
43 38 26 23 
46 22 
65 39 68 
65 64 49 
55 41 4 
55 
49 
34 
58 
44 54 13 15 17 40 
33 7 
42 41 7 10 18 
62 8 1 26 
45 42 46 
27 28 
44 29 6 
26 
81 11 
76 18 
35 41 4 42 
42 
27 36 56 
47 18 41 
48 49 7 
31 43 2 23 
38 0 38 4 7 
28 2 25 28 
69 32 
65 67 
39 
61 2 36 
44 
60 
37 2 9 37 
39 
75 53 
78 11 
93 19 
80 
80 43 
29 54 5 
32 
20 
27 27 3 
19 43 
43 
78 
28 
23 
48 43 
27 
32 
90 44 
18 55 
73 
39 38 38 9 
85 42 
73 72 
49 18 
38 
56 57 47 
33 10 33 37 4 
39 60 37 11 39 
38 
44 30 27 
64 37 
42 43 41 17 3 
23 
45 45 10 10 24 17 
42 30 1 23 
79 12 
42 26 
21 26 
94 
48 43 19 23 28 
59 57 
50 30 
61 16 
54 26 28 
29 
72 43 
64 60 
88 55 
21 
42 
39 
23 26 
43 42 36 36 7 45 2 
37 
69 16 27 
35 5 
42 
52 50 9 
57 
52 32 
55 31 
69 33 
32 57 2 2 
19 
53 44 50 
34 25 
27 3 
64 9 
77 
39 35 1 36 3 37 6 
45 
25 12 29 10 26 
41 15 
41 
52 29 
22 34 27 
19 
50 21 41 50 48 54 23 
49 
64 60 
37 41 12 35 6 12 
37 9 1 35 65 12 12 
59 7 
45 14 20 52 10 
70 46 8 
61 62 
62 15 
35 59 14 40 14 
55 
48 15 
78 
46 31 
45 
20 
54 20 47 
58 57 
29 28 28 
59 24 
45 
29 28 27 
50 
65 53 13 
24 17 22 45 
34 34 10 
64 20 
46 2 22 
98 58 
41 42 41 41 8 14 
42 6 1 
44 37 13 4 
27 28 4 
73 60 
66 11 
85 10 
75 77 
38 
36 5 4 14 
54 50 59 22 19 52 
91 45 
53 29 45 0 
76 10 50 
21 23 47 20 56 24 
68 35 
70 
26 0 25 
66 
44 15 
33 55 9 
65 17 
48 40 2 27 46 
65 15 67 
73 49 
39 
50 19 53 
94 24 
41 17 
47 15 
19 
62 61 
24 
73 
79 17 
29 
48 
52 16 0 
29 
26 31 28 3 
18 
49 
30 
58 30 26 28 50 33 55 
62 19 
65 
57 32 
18 
36 29 5 1 
55 50 
19 
39 9 11 17 
66 40 
65 
47 48 
49 21 24 
64 39 37 62 
38 
32 31 31 25 
39 5 37 12 36 4 
62 38 
39 
48 
32 4 
62 25 50 24 
33 
70 12 
27 
50 0 
49 40 21 54 36 
57 2 
69 
41 16 40 26 
48 
40 30 
33 5 3 
78 
70 35 
47 50 22 9 
44 
58 
79 45 
67 
58 29 
29 26 25 
51 28 
61 27 
52 12 14 16 
62 56 30 57 
77 34 
43 10 39 30 42 
24 20 51 
46 49 
18 
67 8 
49 31 0 46 17 
69 
30 7 9 37 9 
52 
51 
55 24 59 
53 21 
81 
33 3 32 34 2 
33 0 55 32 34 
51 50 53 
59 16 
32 33 11 
61 7 29 
30 68 
53 57 25 31 12 
97 79 
20 
20 21 17 
58 
34 35 
73 72 
37 15 35 4 28 
32 
40 
45 13 7 41 10 
28 49 29 0 9 
43 29 3 22 
74 55 
23 
42 17 41 
41 24 32 
48 31 54 48 9 
66 1 
43 42 
77 13 
32 7 56 13 
71 31 
42 
37 5 44 1 14 
26 
32 
41 16 13 
67 55 
59 55 1 
80 62 
64 
68 
39 11 
63 3 63 
79 10 
50 51 16 50 52 17 
78 79 
24 31 
69 67 
50 53 56 
52 53 52 54 
49 18 24 45 
40 
61 12 
63 60 26 42 
44 
33 
73 4 
81 
72 54 
72 53 11 
55 51 55 23 63 25 
44 
65 16 
43 
71 58 
46 15 
31 5 5 32 13 14 
34 
53 30 23 
54 4 58 49 52 
25 21 30 
53 8 
78 75 
66 46 68 
19 
64 9 61 
47 15 23 9 
23 22 23 15 41 
45 
23 
88 17 
54 76 50 
74 72 
35 16 44 
27 55 22 25 63 
81 79 
54 52 14 41 50 
82 
50 
64 0 
53 28 53 25 
48 26 20 
26 52 25 28 
54 4 26 
19 13 16 42 39 32 18 
69 27 16 
41 17 8 65 
27 55 47 
56 17 
66 12 15 42 40 15 16 
53 55 4 
26 
30 7 36 38 
63 37 2 63 
42 2 11 
54 
42 
54 54 
29 26 
68 9 1 68 39 
79 
27 
47 28 11 35 40 8 
18 
33 6 32 
41 8 
28 
70 10 
60 20 
46 13 15 36 27 
88 52 
52 
45 
68 69 
67 9 3 
50 
46 23 
75 78 30 
78 18 
59 15 
41 
23 
30 9 6 13 
28 
39 
25 48 20 
40 46 54 
47 9 46 19 
39 9 13 6 
49 
45 46 40 41 27 
64 64 
61 
28 
33 11 41 38 
66 37 
46 45 19 19 19 
45 12 20 
42 5 12 14 12 28 36 
73 66 
48 17 
19 
44 18 
22 
49 13 21 13 
28 28 
62 64 
44 15 12 
37 
57 
72 67 
61 31 3 65 5 
28 
25 22 22 
76 25 46 
36 30 2 
47 
53 
74 78 
46 
44 0 
56 25 
59 58 
59 30 
37 3 
58 4 6 1 
32 
76 2 
76 52 79 50 76 
58 56 
28 26 25 29 
51 16 28 
73 4 
85 67 
43 45 42 40 
18 
19 
53 
55 6 
48 12 
77 
54 48 51 14 
52 29 
49 
18 
33 2 34 
42 27 26 
48 
24 
70 73 
35 
42 
27 5 8 
55 
31 30 
54 
46 14 13 55 
71 43 
57 
67 32 
40 32 38 2 
52 
46 15 37 46 
34 25 32 9 
65 8 
37 
68 5 68 60 
36 25 
46 
54 21 16 18 
55 33 
60 
57 
52 
50 65 17 
40 74 15 17 
29 30 
55 
58 55 57 23 
51 74 50 47 
64 62 
32 36 6 
36 
26 
69 39 
70 76 
19 
24 
53 29 11 
75 
84 
30 14 5 32 
44 22 14 
64 58 
65 35 
55 67 
47 23 46 24 
47 
33 
54 8 3 46 
45 49 43 2 17 
38 5 36 36 6 15 37 
87 4 
52 15 
58 57 
35 6 37 
38 3 40 
40 
48 43 
79 44 
31 
34 30 34 8 
43 
67 57 49 
73 5 
70 46 
38 2 7 29 
41 36 69 
28 28 50 
37 
52 35 22 
52 11 
31 
40 
34 
56 61 32 4 
85 16 
18 
19 
39 1 1 
62 64 
47 15 
66 71 
50 60 76 
77 
51 12 
30 33 
58 22 
70 44 
67 20 
71 73 
69 
55 23 
30 
57 32 
26 
28 33 4 
41 10 
81 41 
40 5 40 
45 30 
37 49 13 35 15 
36 
64 32 
21 52 20 
33 5 
49 50 16 68 
67 38 
77 50 
79 37 1 
40 18 29 
64 4 
62 6 23 27 
35 13 
58 13 56 
32 
32 30 41 2 40 
60 37 22 
68 24 
48 
64 61 17 
71 44 
29 28 30 
44 7 43 
22 
89 23 
47 
68 9 
37 8 39 
83 39 29 
31 31 
41 19 30 30 7 
47 45 59 
37 37 
53 20 35 
83 7 
64 60 62 54 61 47 
38 39 12 5 14 
66 66 
82 
63 36 
39 
68 24 
20 
33 1 
47 13 
32 33 
64 63 
73 39 
72 60 65 6 45 
43 22 8 5 
69 62 
26 28 
27 50 56 
31 
70 37 
35 31 43 1 
58 12 65 
59 13 
87 34 
62 56 
63 55 
31 
27 3 
78 16 36 
19 
30 5 20 30 
37 9 38 9 
80 7 
42 42 47 43 8 
36 0 38 
72 30 
28 29 3 25 0 29 25 
62 61 
39 
56 59 
26 31 29 29 2 55 
30 34 33 3 34 9 4 
20 
61 
49 
31 3 12 3 31 
40 43 
62 18 
33 7 0 
18 
26 31 27 
43 
58 29 1 51 
60 62 
48 47 
81 29 44 
54 
36 
63 31 
67 65 
40 15 
33 33 4 4 
33 
25 
27 2 28 
38 32 35 39 
52 36 52 8 
59 55 55 
44 1 24 25 
44 18 48 2 8 26 1 
58 31 
74 9 38 
19 
60 11 
23 45 47 27 21 
83 
64 16 44 8 
55 56 59 
75 68 
18 
75 16 
87 77 
72 13 79 11 
55 
70 
87 
77 
34 3 33 34 
72 
41 
78 
86 29 
42 10 
79 
45 19 17 45 
28 25 30 
50 21 23 48 
45 
47 
21 
61 
47 
20 
27 50 34 
41 16 
52 50 17 51 4 
40 66 30 41 
40 7 
69 
33 33 31 
68 11 
18 
22 22 29 21 
44 1 16 17 6 
69 61 
27 
47 14 19 
48 46 46 
59 57 
72 17 
83 47 
68 4 
65 
48 
51 22 
83 57 20 
46 
55 58 
50 
45 46 49 50 
35 31 12 
27 32 
54 
38 13 7 
42 
21 
71 61 78 
61 
47 8 43 16 
26 4 29 
53 18 
29 31 
38 10 
62 51 52 67 
58 58 4 
39 38 35 7 
54 12 1 33 8 
39 13 35 13 
81 40 
28 2 26 
52 53 
32 2 25 1 
32 39 
68 5 
21 24 59 25 
42 3 29 
25 
45 15 
72 28 
85 
29 3 
63 67 
51 21 53 12 
32 
33 3 4 35 
70 78 
59 12 
47 46 17 
72 
62 
44 22 41 
54 
38 44 36 19 
43 35 3 11 14 12 
44 0 
69 27 11 23 26 
30 23 
53 
33 33 
21 
38 
26 51 
32 28 7 3 
23 
38 12 12 31 35 
63 39 26 
52 15 11 
27 
53 54 
42 15 43 40 
47 49 24 11 
56 31 58 15 
59 35 9 
66 
32 
61 70 58 
24 20 35 
31 
88 
72 73 
41 
20 
45 24 49 16 
38 6 35 64 32 5 
32 31 10 
58 59 
26 32 3 21 5 
58 16 11 
72 45 
45 
25 
51 
71 77 
69 72 
19 
61 68 
72 48 
69 67 
82 43 
58 
69 69 14 
54 29 14 
48 16 
83 64 
49 48 0 29 48 30 
75 56 
27 29 
56 44 
33 32 
50 53 13 17 29 24 
51 44 10 56 
29 33 
49 20 
63 39 
80 
41 19 6 26 
44 
66 24 42 57 
91 
45 14 4 49 24 
72 49 
48 17 42 8 25 
35 
62 1 
82 56 
50 57 10 40 9 51 
45 9 45 24 
34 
63 61 17 
37 13 
64 2 
18 
49 
47 38 17 9 
54 76 
53 18 29 7 
29 0 
79 
43 
40 2 41 
67 
44 
35 40 17 54 
47 38 
86 28 1 49 
25 
77 22 
70 19 
94 37 
88 
61 13 
59 
51 
38 0 14 36 37 
37 
26 0 29 26 21 
25 63 
50 14 
18 
29 4 5 26 
38 
34 1 31 2 
18 
54 22 28 62 
81 43 
36 27 33 
34 44 4 
26 28 
19 
59 33 
88 
86 12 
32 
46 24 10 13 
20 
40 5 
61 10 49 
60 27 
38 11 34 
68 
74 39 
53 29 50 
68 27 
23 
33 0 3 37 35 
41 5 40 
47 25 9 
39 
78 10 
58 1 
18 
22 15 
47 25 19 59 
56 5 
45 
52 18 15 
33 31 31 12 
34 35 
83 41 
38 7 
39 
73 45 
73 3 
75 
75 50 
51 
44 14 8 44 
39 29 38 38 
48 16 16 
64 37 61 
70 71 
31 
26 26 
77 
34 34 
36 
52 35 52 
49 9 29 
39 12 2 5 
61 
83 
32 22 7 8 6 
49 44 17 17 
69 
46 
43 45 
57 
61 34 
29 25 51 59 
22 
19 27 45 2 20 42 26 
73 
24 20 
47 14 6 14 
27 
72 20 40 76 29 
33 58 1 
27 29 
54 
81 51 
20 
34 
32 32 34 1 4 8 5 
60 
52 
73 72 
58 59 26 2 
29 26 
83 31 
38 36 6 
53 52 
24 46 55 49 18 
54 14 29 53 
42 41 
42 45 23 1 
79 79 
73 72 
29 27 34 
72 10 44 68 
31 
20 
33 
35 27 30 37 13 
38 
51 21 31 
44 17 42 
45 17 53 36 
50 15 
69 4 72 
52 13 19 
28 
28 25 29 
36 2 16 38 14 
61 56 
26 27 
47 77 48 47 
43 31 8 39 46 
81 41 
56 20 35 31 
52 36 53 3 18 
59 1 
40 4 
31 33 30 6 
40 
45 1 38 
64 12 44 
38 16 
81 45 
35 37 3 6 
38 30 35 28 6 
80 38 
51 
54 51 18 
46 10 10 
66 5 
45 21 47 
28 5 
35 37 28 12 
48 49 9 
73 42 
29 
70 16 
49 23 46 5 26 
69 15 
60 9 2 29 
23 48 
18 
44 
29 
65 42 
21 
52 
54 
33 
70 75 
59 
46 
50 
44 42 34 
62 29 8 
73 4 29 
47 2 23 
80 52 
40 34 
32 2 4 73 
74 
69 66 
27 27 25 53 
57 56 34 42 32 54 
48 13 
42 5 44 7 
38 36 29 14 29 
73 27 
93 52 12 
65 66 17 
55 
55 57 
43 32 
29 26 29 
39 16 
64 64 
52 15 20 30 
71 43 
56 14 
31 
20 18 23 22 
45 48 
57 40 58 
61 11 
61 
59 22 
47 48 48 28 
44 6 12 44 
47 
57 21 
45 
25 22 26 
55 63 7 
48 5 16 10 
65 68 25 
57 
56 52 
66 
30 10 8 30 
51 17 25 60 
41 50 
52 19 10 
30 12 
87 48 
39 32 35 
69 
94 49 
35 5 39 5 38 
52 79 
29 64 
40 41 76 40 
67 2 
58 4 
53 50 51 
68 27 2 66 
51 17 8 27 
40 12 0 
33 30 35 33 
92 
47 10 45 
45 8 
73 74 
52 53 15 58 
25 49 28 
55 56 46 22 
24 
53 15 
90 
55 29 17 
39 11 39 39 
26 
63 
30 28 31 
29 50 
44 
61 
70 72 34 
77 5 
54 56 51 
65 
32 
46 
34 30 5 
47 40 29 
44 
50 17 53 
55 57 
89 
20 
65 3 
23 
84 27 
37 
25 11 4 
47 52 18 
32 30 32 28 
39 33 38 28 
51 53 
80 29 
45 48 35 
65 
35 8 9 14 
74 14 
51 
72 
92 72 
84 54 
25 28 15 
55 12 
60 
53 1 22 
33 8 45 
33 31 33 0 
32 32 33 
75 50 35 39 
18 
56 28 
46 
33 32 31 
51 22 51 16 56 
26 
23 34 45 17 
30 63 
42 40 16 9 28 14 29 
73 25 
28 25 26 27 
18 
59 
45 20 16 21 
61 18 36 56 
59 24 7 57 
44 17 14 12 14 
63 
37 11 
18 
50 
77 13 
42 5 
31 33 
63 7 
27 1 
25 
38 17 4 3 44 
36 43 2 31 
40 19 17 36 9 32 
56 29 59 
56 
43 14 12 19 
65 39 67 
30 
66 5 42 
33 33 1 13 
69 69 69 
80 52 35 
57 4 
46 
69 29 
30 6 34 22 
28 25 
57 4 
37 
76 10 
69 8 
38 11 
30 5 
57 56 4 56 
43 
54 23 25 
32 
24 16 21 
64 19 4 
53 20 49 40 
62 63 
65 13 
80 3 
39 3 1 
26 9 54 
85 6 
26 21 
39 36 7 5 17 
71 50 
37 
60 29 8 
46 
19 
43 3 29 14 
60 62 
49 22 
26 52 32 
38 
44 15 15 2 
37 10 8 1 
82 
26 3 
71 60 
84 
33 33 4 32 
29 28 
44 15 10 6 
88 
34 
48 5 
47 12 
24 
71 47 
62 38 
19 
30 6 
24 24 25 
62 13 
49 47 47 27 35 
19 
37 4 33 37 
35 3 3 6 
74 10 
74 42 
49 44 22 
54 
32 29 22 30 
49 49 49 
39 
39 
30 5 
56 3 6 
67 
92 22 
36 
44 35 40 13 
47 21 20 
38 11 1 35 9 
87 17 
47 26 16 
43 11 9 8 13 
60 61 
45 73 
57 6 
39 
64 
35 
94 11 
64 59 
25 29 
34 5 
55 8 
66 5 
47 17 25 
53 50 
57 51 
43 13 11 36 
39 
56 
59 
36 
37 9 
71 48 26 71 41 69 
65 
34 35 
34 13 31 4 
76 
67 18 24 
77 43 
40 15 15 
44 
40 64 
20 24 0 
51 
66 22 
30 4 
44 47 44 17 11 41 0 
63 31 71 52 
87 65 
44 
66 2 
69 66 43 
32 
53 34 52 
25 
55 57 
22 
43 
53 0 51 44 48 39 
28 29 
34 22 6 30 
47 17 49 
47 17 30 15 
44 43 32 49 
78 78 
36 37 10 
69 
68 
42 13 6 11 
21 
35 
42 
34 26 12 
26 
31 
45 46 0 
45 29 
68 69 33 70 68 66 
41 
30 6 
85 28 
29 34 4 8 
25 29 25 33 26 27 8 
45 
75 16 
58 5 
60 31 
45 
66 65 
30 58 
67 
44 17 17 
75 52 
50 6 
82 
54 24 
87 49 
24 
43 
60 6 13 8 
28 
40 
40 2 1 
59 
29 56 26 26 
22 29 15 21 
50 25 27 54 
32 7 
32 7 
46 5 26 10 
34 34 34 0 
43 43 6 12 
54 54 26 48 
67 25 
69 38 25 
35 38 39 7 
50 42 25 53 28 4 
60 
65 9 
68 1 
81 
31 5 5 
33 10 
44 40 8 9 43 
43 7 
39 4 9 
57 30 
34 9 
47 29 13 3 
68 43 65 
34 8 20 13 
36 37 37 14 
39 
74 71 
35 8 35 34 
69 33 
76 
59 28 20 
55 27 
49 42 
51 34 
48 12 57 
42 42 16 16 
57 21 52 55 
62 60 
44 13 36 
50 6 
26 
27 51 
63 30 60 55 0 
53 8 
59 56 25 
24 
36 35 9 32 
65 49 
57 
57 56 
49 17 12 46 18 
68 31 28 
88 
62 62 55 
63 58 
65 65 
64 49 
18 
20 
35 37 14 13 
28 
66 4 
59 14 
26 
43 42 7 
58 58 38 53 35 
28 27 
51 49 
41 6 12 
45 
34 41 
44 
61 39 
69 27 
33 41 
43 1 
60 4 
57 13 7 56 
73 74 
33 44 19 31 
35 8 7 
79 78 
26 
43 2 23 
53 22 29 45 
30 31 31 5 30 
60 45 36 1 61 29 
43 9 
46 17 25 47 
26 
57 59 
73 29 13 
50 
58 56 
36 3 44 14 
67 24 62 68 
44 40 25 16 13 
43 11 13 44 
89 65 
47 47 
45 
74 27 
61 64 58 11 
42 21 41 40 
32 14 30 
37 0 
51 54 46 55 
39 1 4 
28 51 
23 18 23 
32 56 14 
56 27 47 1 
30 26 32 
64 63 
32 34 30 
29 33 3 29 
19 
30 30 
36 
83 33 
74 10 
54 
58 
43 44 14 5 
49 
39 0 
34 
29 25 
87 46 
49 
52 22 47 54 
54 
65 65 
41 10 68 
85 
77 
87 
56 56 13 50 
46 46 25 12 
54 
70 5 
84 52 37 79 42 
33 48 
52 54 
29 
38 
88 
46 13 16 23 
53 25 22 29 
47 45 17 
41 14 
69 62 
22 24 24 22 
45 35 26 49 48 
51 3 
35 
28 
63 10 8 
56 37 
51 24 30 18 
49 0 22 
66 
34 19 
79 32 
41 
42 28 15 
56 55 65 
60 62 
48 43 17 
69 69 
34 
77 56 
44 50 
47 
54 13 12 5 
38 7 
29 
34 29 
50 28 54 12 
39 7 
64 22 
23 18 29 
66 0 32 63 0 9 
40 43 
71 9 68 
67 
54 
61 36 4 
26 5 22 27 
99 11 3 70 
52 17 2 56 
53 29 13 10 
57 56 64 
48 17 17 21 
31 51 
38 35 11 3 
39 6 
29 47 15 41 
30 
37 4 
66 69 
22 23 
80 
37 44 
23 22 57 18 
32 
65 14 
56 
94 9 
38 44 29 35 
18 
34 26 
44 14 10 40 
68 
49 29 20 47 
58 58 48 15 
58 45 
27 
51 39 
43 42 
41 
45 48 47 
63 10 2 
34 39 
68 68 
50 4 
86 79 
73 42 
60 50 
31 5 
66 63 12 35 37 31 48 
75 
28 59 
67 12 
57 26 
19 
38 
35 12 
43 5 1 4 
24 41 45 
63 62 
39 
61 67 
30 1 
22 
32 36 53 
33 64 12 34 
67 16 
68 
32 11 
19 
31 25 2 7 
66 66 
51 49 22 47 
28 
39 
41 7 41 16 43 16 
74 46 
31 16 
54 56 53 
30 36 17 33 33 
38 
65 16 
37 4 11 11 2 62 43 
23 
40 42 
38 35 34 52 
58 21 26 28 
61 64 
65 35 
54 13 40 
33 10 
27 1 29 
54 15 52 22 
64 
25 33 
54 50 
31 35 
36 9 15 31 35 
52 35 
25 
38 30 
40 25 
24 
36 
58 56 
41 12 49 41 
65 37 
35 12 
77 
56 
55 26 
50 0 17 
25 52 
74 
31 
75 
27 26 26 
29 
37 4 44 18 
68 43 
52 32 57 28 
59 26 
63 60 
26 
41 16 42 
38 9 44 37 12 
38 4 
61 23 
41 25 38 
19 
63 25 
83 6 
47 45 10 
92 78 
31 38 
59 29 25 
47 
71 78 60 45 27 38 
66 69 
26 55 
89 75 
31 0 33 30 
28 
48 15 19 15 
23 
30 
89 
47 48 10 
21 
57 7 
26 27 56 22 27 
33 
57 25 19 
44 
38 28 
55 
57 
54 22 
40 11 43 48 
49 21 0 5 
41 5 
25 0 
20 54 
19 
73 
43 4 0 16 
43 43 44 
48 10 49 15 16 11 39 
65 8 
63 55 
43 12 40 
48 22 
46 49 
56 23 14 
44 
24 
38 
44 
36 1 
67 58 
73 34 
67 69 
75 50 
18 
57 20 14 
60 51 
48 
52 49 
71 19 
48 23 20 16 6 
38 
26 
26 56 6 5 
48 46 45 15 41 
34 34 63 26 33 
58 57 
55 34 
36 
90 27 
49 62 8 48 34 
38 42 19 49 
40 46 42 30 12 
31 34 
55 
57 56 
40 5 32 12 3 42 
59 48 19 5 
22 
35 
46 15 
36 5 5 5 
55 55 56 
46 15 
44 43 15 5 
29 27 
94 
73 
51 51 11 54 12 
48 10 11 20 45 
49 44 
90 
30 2 36 6 10 60 42 
47 46 
56 53 
48 
63 1 
35 6 37 36 
38 44 55 
38 
35 5 35 1 
51 30 8 
75 1 28 
23 
74 60 
41 17 10 
49 50 11 10 12 18 
46 28 
77 53 
43 3 
20 21 
52 46 
48 
66 4 
50 
51 
45 56 13 24 
52 56 
55 16 26 
42 30 
65 
47 
29 32 29 34 24 
36 
55 56 25 
35 21 39 
69 31 
45 
30 
53 14 25 31 65 
40 44 
43 15 
29 
24 
31 5 34 2 30 
43 14 23 
49 46 41 
60 34 
18 
46 27 8 15 20 
59 15 45 66 
31 8 
24 24 
86 0 
21 16 
26 28 23 21 28 
65 9 
35 38 1 36 2 11 13 
46 47 
42 29 0 48 
46 18 
73 31 
42 23 62 49 16 
38 
24 
72 8 15 73 9 25 41 
64 30 31 
34 33 
60 50 
43 8 
58 2 29 
64 61 
65 6 
55 58 
74 7 
66 4 
50 54 34 32 
60 60 8 64 
41 46 
48 0 46 23 
39 9 4 43 5 
52 
36 5 14 14 
36 
57 38 
89 71 32 
33 
51 
53 27 0 15 
55 59 
63 73 2 21 
24 22 
63 60 21 
42 
71 23 
74 11 
80 28 
27 32 26 
24 
73 
60 27 4 
66 
47 22 37 49 
53 
42 21 
87 21 16 
34 
69 55 
58 71 
24 
47 12 
20 
44 49 32 14 10 
70 50 
46 
93 7 
19 
48 23 29 34 10 
50 23 33 52 
52 15 30 
59 43 57 
46 13 53 25 
74 
29 
35 
29 51 25 
22 
63 29 
57 5 28 59 
50 50 16 
63 64 
50 15 
62 35 
49 
41 44 2 2 21 
50 17 
69 68 
32 14 27 
45 
31 34 38 6 15 23 30 
23 
26 
29 1 
33 28 29 14 
74 73 
28 28 
54 16 
73 11 
43 36 11 42 
68 2 
48 
18 
44 15 
41 44 38 
71 74 
52 
40 
52 12 25 16 12 31 22 
41 42 25 16 
42 11 
60 22 
28 28 
48 7 
59 50 9 62 13 28 
75 38 
22 21 
23 22 16 
43 10 8 36 9 9 35 
38 29 44 40 
60 62 4 
56 4 30 
45 23 32 
20 21 
51 
58 21 53 
59 
18 31 
71 71 57 
30 27 34 33 12 
56 15 
21 22 23 23 
27 7 20 2 
34 
76 48 42 54 
62 31 
20 
40 
85 
52 3 
82 11 
38 13 19 
69 26 
20 
28 
79 47 
75 47 
27 20 
42 17 44 5 19 44 
64 31 
59 57 
35 12 
54 
21 42 
33 
82 
42 8 35 24 12 
60 9 
51 
61 31 56 
60 9 
54 50 
40 15 0 
41 16 8 46 
68 69 
50 23 48 
72 15 13 27 
37 4 36 42 
41 18 
55 62 
85 6 
20 
82 
26 32 
60 61 
64 15 11 17 
93 
31 42 5 
92 
84 56 
40 8 45 
30 62 
20 
36 61 0 
72 51 
73 74 
56 29 6 
55 45 
73 32 
91 46 
53 37 4 
40 42 12 12 
41 28 16 9 
39 8 
19 
32 8 
48 10 
36 42 32 7 9 38 37 
64 67 4 
43 14 16 28 60 30 
36 37 6 
50 53 17 16 
74 68 
31 11 38 28 3 30 
27 
65 
21 21 28 
32 30 
28 22 
66 47 
59 25 
31 34 
59 34 59 21 
77 
40 46 12 29 
70 47 
58 12 
30 28 1 
72 6 73 
60 9 3 60 
27 25 26 25 
63 20 64 
24 37 
64 66 25 2 
51 2 28 
34 34 0 25 
54 
34 33 
51 54 10 
24 
44 37 23 
55 
28 
67 
86 21 
19 
39 26 0 6 
39 1 9 
49 
52 39 27 
75 15 
38 38 
82 11 18 
79 4 
43 18 43 70 22 
46 14 
24 54 22 
52 
38 5 10 35 
27 26 12 29 28 
48 7 48 17 
36 6 11 
67 16 
52 16 21 53 52 
57 0 
48 
60 17 16 
51 13 
47 19 27 
21 24 
51 
30 1 30 7 
25 32 33 4 
52 52 
74 8 
47 35 
47 24 22 37 
58 32 2 1 38 29 
39 35 37 
18 
54 59 
24 27 24 
77 50 
52 50 
24 
51 16 45 
79 44 
18 
40 
33 
43 25 5 11 
85 1 
69 64 59 67 
18 
57 55 
89 0 
49 17 47 
60 10 
65 
43 39 2 
67 29 
18 
26 27 
40 
34 31 
67 60 
35 22 
70 
40 4 44 60 
42 41 27 
38 9 28 5 
35 5 16 18 34 
33 34 30 2 
88 31 
24 23 23 
69 7 32 
25 28 54 28 27 
27 
64 34 
19 
31 
27 25 53 
68 64 
18 
64 21 9 56 
35 38 
30 
22 
68 3 
63 22 41 
36 30 35 
82 
66 78 
44 14 16 
40 9 36 42 
25 27 
21 
62 3 68 19 
18 
21 
42 
35 8 37 35 6 73 
52 15 57 
63 61 
39 27 8 56 20 
46 
55 
81 
25 27 29 
32 5 
26 58 30 29 
67 6 
51 
66 48 
63 64 12 59 
33 33 58 8 
38 39 
68 
42 
66 39 
46 1 10 48 
75 76 
53 17 
44 4 
43 18 55 25 
56 59 
18 
45 30 11 23 54 15 
63 3 
60 65 
68 11 
29 
71 35 29 
26 
84 
24 
19 
24 
60 38 64 
65 
38 
51 
36 46 30 
19 
52 
64 32 
34 15 
48 41 48 47 26 18 29 
36 2 30 27 
39 6 36 
34 
79 
52 54 12 
25 27 17 
26 28 1 
35 71 
27 51 21 
90 8 
70 47 60 
50 56 
70 76 
45 
55 37 
64 9 
55 
87 76 
83 18 52 
24 24 
77 11 
37 37 
56 9 59 9 59 
92 
49 3 42 23 29 20 
46 45 
42 
27 28 
38 42 9 37 
44 7 
64 34 58 13 
43 7 72 0 
83 31 
57 
46 15 25 16 
49 
51 52 
41 10 37 32 
28 
35 36 38 1 
36 10 10 0 36 5 38 
39 35 31 39 5 
34 22 
68 57 
34 11 
41 18 33 9 
62 15 
33 38 
57 50 45 30 
37 14 2 
64 54 
64 25 64 
64 40 
36 8 
59 
68 27 
33 33 30 27 
36 35 37 5 
34 4 10 0 
61 63 
61 17 3 
21 2 20 45 
69 56 4 35 
21 
55 56 
45 47 28 47 12 21 15 
70 5 
56 2 55 36 43 
27 
92 20 
48 16 47 13 
38 14 
50 29 
54 22 
85 53 
67 65 
63 16 
21 50 47 18 
41 5 32 
70 78 
72 24 
58 58 
70 5 
54 1 17 2 
54 22 50 51 
56 12 
52 
44 15 10 37 
29 28 0 
71 13 
47 46 11 18 49 
54 51 
58 63 21 9 59 
42 11 17 43 6 
54 
69 55 69 66 0 20 
27 25 
59 10 24 
33 3 32 17 
65 
73 41 
62 
60 29 
22 
84 
70 40 
60 27 
40 29 13 43 
61 61 
80 
29 
46 47 
31 31 
57 
43 
64 
65 66 69 
25 28 
30 
50 
20 
86 37 
57 18 
22 
58 32 
20 
71 71 33 72 
25 
44 32 
43 
54 
56 60 
42 14 
54 
50 8 
50 21 
56 43 57 57 
44 42 41 35 5 14 
38 38 13 12 0 39 
67 
47 11 1 
48 10 48 49 
24 21 26 
49 
64 1 29 
39 7 
46 34 9 
55 59 58 59 
49 17 
44 40 
39 
40 
36 13 13 
59 29 
81 
31 
34 
42 16 
43 17 41 
27 27 25 26 
41 15 
45 7 24 45 
52 52 27 22 
38 
56 33 4 24 
38 27 36 
56 48 
49 
29 24 51 10 30 
56 46 
49 38 
43 0 47 45 
58 56 
92 39 
45 7 
46 17 
64 7 60 
31 30 31 30 
26 53 
57 25 
66 13 
40 18 
41 53 13 41 
47 15 47 2 
27 
34 30 3 9 6 
64 44 
54 28 17 23 53 
39 
61 
79 
61 54 64 
44 0 25 
23 50 
44 31 
69 
40 
94 5 
52 51 53 
33 34 39 44 33 
58 58 
67 33 
33 4 28 
79 52 71 
58 28 68 
67 56 
21 
54 
28 
61 
42 
28 24 
66 20 
76 70 
68 48 
39 37 46 29 
59 16 
66 69 
19 
28 
63 
72 42 
53 
21 16 23 
42 14 2 47 36 
45 
41 44 
69 4 
65 
39 31 18 
52 
35 
79 28 
35 9 49 19 8 
24 
42 41 15 8 10 7 
68 67 
62 32 
56 56 
38 35 37 
18 
36 6 15 36 
27 55 
46 5 45 13 
45 48 51 14 
38 11 39 11 
40 8 
19 36 13 
79 38 
77 43 
45 13 18 21 
60 
37 3 36 46 30 
59 
19 0 13 
19 
78 6 
59 53 
59 27 
41 14 2 29 
58 27 
19 
58 2 
45 16 47 16 
30 6 29 
38 
49 19 
35 7 
54 6 14 23 
75 
71 73 
49 
34 42 4 
46 4 35 19 
40 14 66 8 
39 12 9 
52 29 62 
47 
73 15 
89 55 
65 
34 16 7 9 
63 62 
62 11 
30 34 
85 10 
47 36 
20 
27 
27 62 
62 54 
33 5 13 31 
53 16 52 14 
24 
31 32 8 0 
41 
64 
65 37 
42 17 44 64 63 
61 8 
36 13 36 
81 41 
68 67 
61 15 
41 
85 
49 47 41 44 54 26 15 
27 24 1 53 26 
31 2 
40 
55 9 17 32 
62 0 64 44 
39 8 
51 21 5 
38 39 35 35 37 
65 
52 
57 29 36 
50 
39 
71 72 
44 16 
47 
52 10 55 42 
57 4 
20 47 
61 54 15 
27 
33 9 33 30 33 
67 
69 
75 
53 45 48 11 10 
52 61 
53 
85 45 
46 27 
28 32 
58 23 
53 5 
35 
34 
19 
21 28 
70 41 
61 38 40 
45 48 
74 72 78 
34 1 21 
66 10 
57 24 56 
76 
44 21 28 14 36 
72 38 73 
32 
58 24 28 
30 20 
34 
50 31 59 13 
29 
43 17 
58 
23 24 
27 6 27 23 
47 8 45 
37 2 10 
29 28 
31 
86 66 
53 28 26 
29 27 
74 73 
45 16 47 
47 21 7 
37 9 8 7 
59 2 
83 
53 18 
19 41 42 47 17 13 31 
30 29 34 
37 10 36 
53 
67 72 32 15 38 22 69 
65 7 
27 
39 
52 57 54 
33 
35 
29 
27 30 
71 71 
36 12 44 
33 
36 36 3 41 
19 16 48 48 37 
28 26 4 41 
75 76 
30 1 61 
61 61 66 64 11 62 
47 47 37 49 
19 
30 38 7 
32 34 2 
67 36 66 42 
38 2 12 9 25 
67 16 
18 
51 15 54 
58 59 51 
50 
72 78 
72 62 
64 34 
36 
59 
21 
37 39 36 10 41 26 
71 
65 37 
41 7 
67 7 31 
57 57 64 
48 45 
49 45 
34 57 3 
52 14 20 44 
74 50 
35 5 35 11 6 
42 31 9 
71 48 
42 
36 
27 
62 
54 0 
44 15 45 
49 1 
37 39 29 6 
74 22 43 
38 39 
78 3 
79 46 
60 51 33 
62 33 62 74 
52 51 
53 23 56 54 53 
52 50 
49 
70 1 
20 20 25 22 
22 
39 
33 32 31 1 0 
50 8 50 23 54 
33 
57 5 45 
56 13 2 56 
81 74 
26 29 
77 53 
37 37 13 37 17 2 
46 18 49 20 10 46 
56 
49 48 46 13 
70 30 
50 
41 44 4 5 6 
49 16 
37 35 15 37 
67 40 28 
56 39 49 
35 0 9 35 
46 
61 3 
34 19 1 39 
38 
83 
65 
93 22 
59 31 
51 
52 31 9 53 49 
61 9 39 56 
21 22 21 20 
74 
25 
66 33 
54 22 16 3 4 23 
26 
58 59 
67 27 
65 37 
34 42 2 
47 16 23 
24 
42 
64 35 
75 12 
22 
39 5 7 10 
40 
33 33 30 65 
29 29 
74 10 
18 
73 41 15 15 11 
35 
50 46 
26 30 26 29 29 
67 17 
82 26 8 79 25 
38 2 39 
24 23 20 
26 2 29 
60 44 
49 49 5 20 23 
84 
71 1 
51 13 11 
41 0 43 
56 
19 
59 
26 
82 31 
70 
47 45 
25 27 
59 
34 32 
23 23 0 
56 31 
57 58 
68 
67 18 
37 10 10 
43 16 40 40 
55 14 
85 61 
72 49 
62 29 62 
43 9 44 35 44 41 6 
72 36 36 
21 
47 48 
28 7 29 26 54 
25 5 23 60 
20 
25 27 1 25 
28 3 28 29 6 
28 21 4 
21 20 
36 14 48 6 
74 12 
55 25 52 56 6 
30 36 0 7 
26 
40 43 38 14 33 
68 1 1 
40 
43 
41 
35 7 
62 10 
20 
79 59 
80 
53 14 
63 
92 
67 70 67 53 66 6 
45 
86 28 
67 34 
63 62 
87 34 
23 
58 31 8 
52 68 41 
53 27 
47 22 18 
54 29 32 
31 
72 19 
74 77 
44 24 0 42 
48 49 16 8 49 
49 20 30 12 
71 41 
60 62 
65 9 3 
22 24 
40 
26 27 15 29 16 27 28 
61 
76 48 
42 
21 
19 
56 55 4 
18 
52 13 
56 0 
35 
53 50 50 
51 
46 
25 8 31 
34 21 41 64 
53 15 15 
36 0 4 39 
63 30 64 
68 17 
59 58 59 48 
40 38 43 52 
36 9 35 9 
34 
65 4 
38 6 35 37 
31 31 33 
24 26 49 
26 
41 15 10 
70 27 
25 3 4 26 11 
37 4 35 35 
71 
44 10 9 9 
48 6 47 
48 21 38 51 18 5 
65 25 46 
48 
18 
80 44 
28 60 50 
43 7 48 
55 32 
34 10 
41 34 6 
48 
57 55 
45 16 16 
39 4 39 
57 27 58 
26 
40 
39 10 39 39 
47 
41 36 15 5 
40 9 44 
36 39 
25 5 50 
52 12 65 50 
19 
35 
65 25 
59 54 59 
47 
87 
68 44 
31 
18 
19 
79 35 
60 
42 10 40 3 
83 
26 31 2 
52 
20 
31 
26 
50 51 6 58 
69 68 
40 6 29 11 
25 
42 41 19 16 38 
52 
83 79 
46 39 
24 
50 
30 33 8 34 
75 
59 18 53 25 
63 38 62 
30 29 
19 
48 
46 26 21 
69 39 67 
73 2 
34 
20 52 52 
61 21 
40 38 
22 26 
27 
49 48 
33 12 8 6 
46 27 40 42 48 31 
64 56 63 57 39 61 35 
50 48 
49 28 49 12 
68 69 
26 
36 36 13 
72 9 
57 47 44 0 
62 11 11 
50 29 53 
37 5 9 27 
44 12 16 33 44 11 
54 
23 
34 3 
50 35 
18 
70 73 
58 52 
55 63 37 58 17 
31 20 
28 
55 54 4 58 12 
68 0 
29 30 58 55 
93 
47 16 22 
19 
56 29 
40 35 
66 
54 15 15 13 
70 30 
48 24 54 14 
60 11 
65 61 
54 20 54 
29 29 
37 16 35 30 13 35 37 
26 23 
74 9 
52 28 11 50 32 
37 
63 
45 45 47 
49 
19 
44 30 
87 18 
26 54 28 3 32 
42 25 42 16 
32 
49 62 
47 21 45 25 48 40 0 
55 47 26 
41 40 
33 
44 5 47 40 
69 38 10 
53 50 52 
30 34 3 34 
63 15 64 15 67 
34 33 7 5 3 8 31 
20 3 15 
69 11 
22 
36 10 34 37 1 
65 5 
86 15 
62 
31 5 
54 45 54 27 
25 
30 31 
84 28 
49 28 35 35 
50 
49 
49 48 47 29 
66 20 68 42 69 69 61 
45 
43 
70 65 13 3 
53 
38 39 10 32 
31 
58 11 29 
32 29 
50 79 16 
32 33 
45 47 50 48 
24 
55 56 7 
19 
38 
20 45 17 
46 13 64 46 
21 47 22 20 55 
51 50 21 
49 
59 44 
25 31 
38 9 
67 39 
44 43 6 
23 
80 7 
74 71 66 
57 28 
23 
78 
34 30 31 12 31 27 
27 
38 9 1 0 
62 1 5 
78 
35 
29 
53 57 34 
37 
37 39 35 
52 
53 62 14 27 53 
60 63 
57 9 
58 52 38 59 
41 40 8 30 
45 
31 0 
24 56 
42 32 26 
46 10 16 59 
28 
54 7 28 46 
65 
21 
20 
57 20 62 
35 35 37 29 6 
26 36 
89 45 
74 69 
43 41 
68 
54 19 
55 20 
52 
59 59 
47 23 9 18 
67 2 
62 38 34 38 60 
49 13 
54 28 
88 
55 50 
40 
33 32 
48 21 16 12 
78 
25 
36 11 14 8 
85 49 
81 78 
37 8 5 
23 
68 13 
18 
69 36 
66 
74 30 
37 0 22 34 
63 15 
49 
49 12 12 
25 
38 39 7 35 5 9 
77 14 
83 70 
43 
72 
51 1 45 51 
61 
22 
47 
67 67 50 
64 
65 43 
27 32 
70 49 
63 
63 3 
53 24 56 
70 16 
61 32 0 
39 28 35 
18 
51 52 58 5 
38 40 
35 14 36 36 
47 
60 
62 16 
54 1 10 
87 
39 
63 4 
43 27 27 
37 40 8 38 
23 
72 42 
18 
44 7 9 43 13 
68 28 16 
40 
19 41 18 12 
52 50 4 27 2 
36 0 39 
46 5 
38 38 4 
32 35 27 
43 6 27 
81 25 
50 
28 
26 
44 25 8 31 
42 54 11 46 43 8 
33 
53 51 
76 44 
48 
51 14 15 14 53 
28 
68 31 
43 36 1 41 
44 
50 21 
32 11 25 13 
57 19 
60 27 
38 12 1 22 38 5 9 
70 78 
43 8 42 7 16 5 44 
84 
62 35 26 
50 
46 46 49 21 
41 42 41 
44 
47 25 34 15 
67 58 33 
54 59 
49 
59 1 17 13 25 
32 
34 4 30 
52 16 59 44 
70 43 
22 
67 
42 29 43 46 
54 54 17 3 
39 
82 8 49 54 
62 68 7 58 
61 64 
82 17 
38 7 8 8 39 
29 48 
39 37 14 
57 12 
51 20 
64 2 
25 28 29 27 
67 69 
33 31 28 32 25 9 
63 30 
37 13 11 14 43 44 
28 33 
47 20 16 50 
40 30 
43 5 
59 51 28 
45 41 16 16 15 
73 24 12 
48 41 
59 58 
36 
44 18 47 9 
61 62 11 63 
42 
32 
69 
23 21 
68 17 69 
78 44 
57 5 27 
39 7 18 
51 
29 3 
27 26 1 20 
38 39 
48 35 
22 23 42 
34 7 54 
51 11 22 13 
31 28 34 
29 5 32 24 32 
73 
41 17 
19 
49 21 
67 68 
36 16 37 37 
49 17 
64 26 
74 21 
33 5 
50 26 10 10 
75 45 
58 1 10 26 
59 29 
67 69 
32 7 34 1 
72 75 
88 38 
34 
71 19 
25 4 16 
43 13 13 31 39 
40 7 41 7 28 
72 25 70 
63 60 
83 7 
54 27 19 5 
62 7 
69 31 40 11 
58 
18 
58 0 
65 44 
38 
82 
54 52 
51 
84 
44 
31 25 31 8 
49 47 48 10 46 15 
49 5 
52 50 16 
81 50 
36 
35 8 
69 43 
44 40 32 41 48 
56 
32 0 5 
56 5 
47 58 6 42 
61 30 
30 
55 58 
33 37 9 
18 
69 
29 
31 5 37 34 
45 23 12 16 
31 29 8 32 14 3 
67 74 63 
52 23 
64 15 
41 7 
58 17 49 52 
40 41 11 10 
28 8 55 
69 28 
38 10 4 33 17 
31 
37 
74 
52 
31 34 32 8 
46 12 16 
28 29 52 
80 67 
84 
89 17 
52 1 7 16 
50 53 
31 32 10 
32 0 0 35 
81 
47 11 58 29 
84 4 
76 24 
68 3 32 
52 44 11 
49 
31 
32 
51 
60 60 
46 25 
67 52 
45 20 20 
58 30 25 
40 
66 29 63 36 
40 25 41 
21 
19 
41 13 19 
74 
46 15 49 46 
47 19 53 16 
56 64 13 
74 
40 19 4 
33 31 10 
51 
40 
52 
59 1 
44 6 44 37 29 21 
51 
57 
35 36 60 17 21 
64 31 3 64 
62 17 18 
77 
22 
32 31 
20 16 41 41 
50 
35 3 39 38 
84 10 6 48 
50 1 
19 49 17 
68 34 
29 58 34 26 3 28 
47 48 52 21 
75 14 
63 31 4 
27 
57 8 5 
65 4 
65 32 
59 30 55 
72 40 25 
50 
62 
62 12 
49 16 
50 59 
47 18 14 50 
49 
56 
44 7 8 
85 38 
37 2 36 42 6 
45 15 14 49 25 
33 
44 42 20 39 
29 26 
41 17 31 44 
38 38 7 37 
36 
72 31 
45 18 0 
49 
68 10 37 
66 1 
83 
69 66 
67 10 
36 38 12 7 7 
53 52 
25 1 
56 56 57 25 
20 
19 
28 
70 46 
56 51 
41 26 35 15 29 42 13 
41 5 37 44 29 29 26 
46 45 18 
52 3 61 56 
34 
36 36 10 
53 23 59 24 
39 37 4 
65 14 
56 32 
49 15 
55 53 
37 5 
60 
57 
56 57 
85 67 
28 0 48 27 
67 44 
49 40 13 17 11 
54 58 52 50 25 
42 11 
57 26 
26 22 26 6 25 
41 13 30 
68 5 
21 29 
69 
43 34 4 5 
57 
39 36 8 36 11 
35 37 10 31 6 36 
61 
19 
74 71 
93 48 
32 3 
69 
57 16 
44 42 
58 
42 11 17 16 
65 
20 
78 38 
68 61 
18 
59 
62 2 58 63 
59 55 64 4 36 
55 1 
79 
50 25 26 53 
67 
30 4 34 27 2 
41 1 40 
45 28 34 49 
37 0 22 12 35 
71 27 2 71 28 7 72 
23 
42 32 15 6 
53 
29 20 3 
63 62 
64 57 
37 16 36 15 
48 52 23 42 
68 73 
44 36 5 
35 
47 48 18 22 
42 42 40 
36 6 18 9 
56 18 
43 38 42 30 
89 
56 32 29 
41 9 24 0 
68 38 
46 12 
43 14 11 44 
79 25 
75 
73 
37 2 
62 0 68 
41 5 51 5 
56 56 
39 38 2 
46 
29 29 
85 
35 38 8 6 4 39 
39 41 34 
30 
25 27 
46 
48 45 
64 62 36 61 
22 
24 
74 8 
63 4 
20 
65 
47 36 
39 
60 8 0 57 
55 7 
66 
49 18 31 45 
55 17 2 
59 25 
51 
69 64 
32 27 
74 
19 
24 
72 22 
31 8 
35 
20 24 
49 19 
29 
47 24 48 47 64 53 
52 51 55 24 
