0 53
1 50
2 19
3 18
4 66
5 43
6 93
7 63
8 35
9 48
10 58
11 26
12 37
13 10
14 29
15 19
16 38
17 33
18 57
19 53
20 56
21 47
22 19
23 18
24 10
25 51
26 49
27 12
28 15
29 48
30 49
31 47
32 38
33 11
34 40
35 10
36 42
37 6
38 22
39 7
40 18
41 39
42 33
43 64
44 62
45 61
46 41
47 10
48 43
49 52
50 15
51 24
52 36
53 44
54 36
55 37
56 38
57 15
58 8
59 52
60 40
61 51
62 37
63 50
64 25
65 67
66 37
67 32
68 7
69 2
70 35
71 8
72 37
73 37
74 69
75 16
76 59
77 53
78 14
79 22
80 23
81 69
82 15
83 46
84 14
85 19
86 55
87 6
88 29
89 27
90 4
91 44
92 59
93 56
94 59
95 51
96 23
97 56
98 83
99 31
100 55
101 30
102 45
103 16
104 48
105 51
106 49
107 27
108 50
109 54
110 19
111 25
112 48
113 49
114 60
115 21
116 85
117 33
118 38
119 13
120 7
121 39
122 57
123 33
124 33
125 16
126 50
127 56
128 25
129 27
130 27
131 23
132 26
133 20
134 20
135 17
136 46
137 19
138 45
139 31
140 65
141 58
142 70
143 46
144 40
145 46
146 50
147 8
148 45
149 51
150 14
151 5
152 56
153 33
154 66
155 68
156 32
157 54
158 13
159 22
160 36
161 35
162 26
163 33
164 31
165 36
166 46
167 4
168 3
169 0
170 5
171 54
172 25
173 45
174 69
175 67
176 38
177 36
178 6
179 16
180 26
181 56
182 4
183 36
184 39
185 30
186 6
187 60
188 21
189 45
190 54
191 53
192 53
193 22
194 58
195 62
196 22
197 60
198 53
199 35
200 39
201 8
202 40
203 3
204 74
205 46
206 67
207 29
208 32
209 96
210 40
211 21
212 45
213 42
214 17
215 42
216 91
217 62
218 31
219 24
220 16
221 32
222 4
223 8
224 28
225 82
226 43
227 70
228 72
229 93
230 41
231 53
232 13
233 3
234 42
235 12
236 39
237 51
238 3
239 33
240 2
241 39
242 42
243 63
244 40
245 22
246 18
247 27
248 50
249 32
250 25
251 24
252 35
253 41
254 61
255 60
256 24
257 31
258 20
259 28
260 14
261 27
262 28
263 28
264 32
265 66
266 19
267 13
268 99
269 58
270 57
271 45
272 22
273 51
274 52
275 42
276 38
277 7
278 24
279 47
280 17
281 28
282 27
283 28
284 32
285 37
286 10
287 38
288 32
289 30
290 8
291 6
292 7
293 56
294 38
295 42
296 62
297 44
298 43
299 88
300 62
301 63
302 22
303 52
304 73
305 47
306 47
307 9
308 28
309 90
310 18
311 93
312 58
313 62
314 20
315 55
316 18
317 62
318 55
319 60
320 44
321 16
322 42
323 35
324 35
325 33
326 37
327 18
328 37
329 6
330 50
331 0
332 55
333 51
334 31
335 36
336 33
337 26
338 7
339 71
340 63
341 20
342 59
343 62
344 52
345 24
346 38
347 70
348 48
349 38
350 48
351 47
352 39
353 10
354 39
355 3
356 9
357 20
358 51
359 39
360 34
361 15
362 13
363 50
364 73
365 26
366 50
367 1
368 75
369 20
370 21
371 24
372 36
373 33
374 41
375 57
376 9
377 31
378 33
379 32
380 31
381 33
382 91
383 16
384 65
385 30
386 27
387 35
388 8
389 31
390 35
391 33
392 37
393 31
394 5
395 36
396 51
397 42
398 9
399 26
400 4
401 65
402 30
403 32
404 99
405 33
406 19
407 63
408 42
409 37
410 5
411 36
412 60
413 32
414 17
415 3
416 45
417 60
418 49
419 74
420 64
421 28
422 47
423 17
424 6
425 49
426 12
427 22
428 20
429 54
430 61
431 13
432 3
433 55
434 34
435 58
436 33
437 7
438 32
439 58
440 18
441 44
442 7
443 38
444 12
445 47
446 44
447 30
448 47
449 23
450 50
451 34
452 16
453 40
454 5
455 17
456 30
457 58
458 17
459 28
460 19
461 27
462 33
463 25
464 27
465 21
466 51
467 26
468 70
469 28
470 55
471 57
472 22
473 92
474 17
475 30
476 50
477 54
478 53
479 47
480 20
481 48
482 48
483 62
484 58
485 54
486 42
487 95
488 6
489 62
490 38
491 52
492 21
493 27
494 13
495 20
496 5
497 26
498 26
499 21
500 32
501 71
502 64
503 8
504 64
505 13
506 53
507 27
508 17
509 28
510 26
511 37
512 4
513 35
514 38
515 39
516 50
517 12
518 39
519 74
520 68
521 61
522 75
523 21
524 20
525 20
526 26
527 46
528 15
529 27
530 52
531 31
532 30
533 39
534 29
535 7
536 7
537 35
538 34
539 35
540 1
541 36
542 28
543 38
544 31
545 1
546 20
547 22
548 18
549 18
550 60
551 57
552 33
553 1
554 22
555 48
556 43
557 66
558 60
559 17
560 57
561 5
562 41
563 27
564 56
565 51
566 1
567 7
568 9
569 97
570 7
571 60
572 67
573 48
574 25
575 46
576 14
577 51
578 27
579 16
580 24
581 21
582 46
583 49
584 3
585 41
586 25
587 60
588 36
589 5
590 45
591 51
592 48
593 47
594 52
595 47
596 27
597 73
598 57
599 25
600 24
601 98
602 48
603 13
604 45
605 32
606 73
607 24
608 39
609 0
610 95
611 72
612 24
613 39
614 9
615 31
616 4
617 38
618 17
619 14
620 36
621 42
622 51
623 8
624 65
625 69
626 22
627 30
628 25
629 13
630 65
631 67
632 64
633 32
634 28
635 2
636 56
637 50
638 20
639 11
640 22
641 64
642 16
643 37
644 50
645 28
646 7
647 31
648 36
649 14
650 7
651 9
652 80
653 3
654 50
655 32
656 33
657 8
658 45
659 47
660 22
661 47
662 97
663 44
664 73
665 48
666 51
667 40
668 8
669 7
670 29
671 49
672 29
673 61
674 19
675 73
676 56
677 41
678 64
679 59
680 49
681 50
682 31
683 30
684 23
685 28
686 19
687 49
688 49
689 14
690 44
691 43
692 12
693 41
694 16
695 59
696 5
697 39
698 26
699 72
700 46
701 55
702 0
703 69
704 37
705 32
706 61
707 25
708 37
709 15
710 66
711 16
712 35
713 11
714 71
715 62
716 48
717 27
718 76
719 55
720 43
721 18
722 55
723 11
724 18
725 57
726 40
727 1
728 13
729 3
730 40
731 14
732 42
733 72
734 28
735 46
736 40
737 10
738 85
739 9
740 56
741 49
742 78
743 43
744 86
745 15
746 33
747 29
748 28
749 69
750 4
751 78
752 46
753 18
754 51
755 35
756 68
757 64
758 32
759 29
760 2
761 28
762 2
763 73
764 73
765 28
766 46
767 46
768 17
769 25
770 49
771 52
772 72
773 61
774 34
775 11
776 50
777 57
778 53
779 49
780 18
781 75
782 30
783 70
784 62
785 41
786 63
787 62
788 43
789 23
790 44
791 46
792 24
793 25
794 22
795 47
796 16
797 41
798 31
799 48
800 20
801 13
802 42
803 39
804 63
805 18
806 28
807 24
808 29
809 27
810 85
811 20
812 73
813 25
814 51
815 51
816 20
817 30
818 33
819 42
820 59
821 62
822 30
823 47
824 52
825 52
826 22
827 14
828 44
829 44
830 61
831 34
832 97
833 56
834 54
835 24
836 94
837 68
838 49
839 28
840 48
841 48
842 6
843 8
844 35
845 19
846 44
847 47
848 15
849 30
850 11
851 4
852 7
853 49
854 32
855 52
856 0
857 52
858 52
859 50
860 19
861 41
862 55
863 64
864 0
865 43
866 47
867 11
868 31
869 28
870 0
871 44
872 34
873 6
874 20
875 34
876 33
877 33
878 43
879 9
880 42
881 7
882 67
883 65
884 43
885 3
886 67
887 7
888 50
889 20
890 23
891 55
892 62
893 29
894 94
895 26
896 60
897 35
898 27
899 38
900 33
901 65
902 27
903 36
904 56
905 7
906 53
907 17
908 21
909 24
910 49
911 17
912 15
913 93
914 58
915 23
916 88
917 50
918 68
919 4
920 40
921 45
922 83
923 9
924 55
925 51
926 53
927 15
928 29
929 30
930 30
931 27
932 85
933 47
934 26
935 4
936 7
937 94
938 51
939 50
940 14
941 47
942 22
943 40
944 16
945 73
946 11
947 35
948 16
949 13
950 29
951 54
952 53
953 15
954 0
955 15
956 53
957 48
958 40
959 4
960 15
961 74
962 48
963 13
964 45
965 52
966 21
967 83
968 7
969 26
970 89
971 94
972 45
973 14
974 40
975 14
976 42
977 37
978 38
979 13
980 33
981 33
982 29
983 6
984 61
985 8
986 55
987 0
988 78
989 41
990 41
991 19
992 30
993 38
994 6
995 39
996 27
997 29
998 4
999 1
1000 38
1001 2
1002 63
1003 2
1004 31
1005 65
1006 32
1007 63
1008 28
1009 44
1010 39
1011 10
1012 41
1013 36
1014 38
1015 4
1016 10
1017 48
1018 49
1019 35
1020 48
1021 17
1022 28
1023 26
1024 5
1025 63
1026 30
1027 27
1028 11
1029 29
1030 36
1031 38
1032 80
1033 69
1034 10
1035 26
1036 4
1037 20
1038 49
1039 30
1040 37
1041 32
1042 19
1043 82
1044 31
1045 62
1046 4
1047 4
1048 45
1049 42
1050 43
1051 40
1052 16
1053 61
1054 40
1055 76
1056 28
1057 53
1058 60
1059 27
1060 31
1061 33
1062 9
1063 32
1064 9
1065 27
1066 52
1067 25
1068 42
1069 39
1070 16
1071 17
1072 12
1073 38
1074 61
1075 46
1076 87
1077 13
1078 18
1079 56
1080 58
1081 53
1082 22
1083 92
1084 37
1085 15
1086 37
1087 25
1088 43
1089 9
1090 6
1091 54
1092 50
1093 51
1094 65
1095 2
1096 40
1097 28
1098 37
1099 2
1100 51
1101 47
1102 13
1103 50
1104 16
1105 50
1106 28
1107 27
1108 59
1109 68
1110 70
1111 71
1112 29
1113 14
1114 74
1115 61
1116 61
1117 54
1118 53
1119 53
1120 67
1121 8
1122 36
1123 8
1124 3
1125 12
1126 53
1127 41
1128 26
1129 44
1130 40
1131 39
1132 8
1133 36
1134 37
1135 35
1136 33
1137 33
1138 71
1139 67
1140 42
1141 61
1142 59
1143 60
1144 74
1145 17
1146 48
1147 67
1148 41
1149 50
1150 26
1151 58
1152 1
1153 5
1154 54
1155 37
1156 70
1157 68
1158 32
1159 34
1160 30
1161 39
1162 32
1163 22
1164 67
1165 59
1166 54
1167 19
1168 63
1169 46
1170 30
1171 67
1172 26
1173 31
1174 40
1175 15
1176 45
1177 17
1178 62
1179 57
1180 33
1181 1
1182 66
1183 71
1184 3
1185 42
1186 35
1187 40
1188 35
1189 31
1190 1
1191 52
1192 33
1193 63
1194 34
1195 32
1196 28
1197 33
1198 33
1199 3
1200 32
1201 37
1202 22
1203 45
1204 32
1205 47
1206 82
1207 35
1208 50
1209 34
1210 33
1211 54
1212 53
1213 52
1214 34
1215 55
1216 51
1217 65
1218 55
1219 29
1220 28
1221 43
1222 41
1223 9
1224 43
1225 87
1226 5
1227 40
1228 74
1229 38
1230 12
1231 30
1232 15
1233 35
1234 67
1235 45
1236 98
1237 54
1238 30
1239 89
1240 73
1241 49
1242 61
1243 38
1244 39
1245 62
1246 41
1247 18
1248 5
1249 43
1250 19
1251 58
1252 2
1253 34
1254 60
1255 10
1256 61
1257 68
1258 66
1259 41
1260 46
1261 37
1262 27
1263 24
1264 48
1265 44
1266 51
1267 15
1268 25
1269 79
1270 73
1271 96
1272 54
1273 41
1274 39
1275 3
1276 10
1277 67
1278 1
1279 10
1280 40
1281 45
1282 47
1283 36
1284 10
1285 13
1286 61
1287 1
1288 39
1289 14
1290 26
1291 18
1292 74
1293 27
1294 64
1295 32
1296 1
1297 29
1298 26
1299 44
1300 25
1301 31
1302 33
1303 29
1304 29
1305 3
1306 96
1307 43
1308 39
1309 21
1310 17
1311 25
1312 21
1313 48
1314 13
1315 19
1316 27
1317 9
1318 13
1319 53
1320 7
1321 51
1322 48
1323 61
1324 64
1325 66
1326 54
1327 56
1328 31
1329 40
1330 6
1331 58
1332 91
1333 14
1334 52
1335 24
1336 9
1337 43
1338 28
1339 62
1340 3
1341 54
1342 18
1343 25
1344 31
1345 72
1346 70
1347 75
1348 23
1349 94
1350 70
1351 19
1352 47
1353 16
1354 18
1355 36
1356 45
1357 53
1358 52
1359 22
1360 21
1361 38
1362 0
1363 5
1364 31
1365 37
1366 50
1367 49
1368 30
1369 41
1370 11
1371 84
1372 54
1373 27
1374 24
1375 35
1376 11
1377 37
1378 20
1379 37
1380 35
1381 35
1382 28
1383 26
1384 51
1385 29
1386 21
1387 18
1388 23
1389 33
1390 44
1391 32
1392 6
1393 28
1394 46
1395 30
1396 34
1397 29
1398 49
1399 74
1400 36
1401 74
1402 88
1403 66
1404 9
1405 39
1406 3
1407 31
1408 1
1409 31
1410 45
1411 17
1412 18
1413 50
1414 87
1415 16
1416 29
1417 53
1418 1
1419 33
1420 59
1421 28
1422 33
1423 54
1424 32
1425 42
1426 45
1427 51
1428 23
1429 25
1430 19
1431 52
1432 55
1433 27
1434 30
1435 52
1436 22
1437 54
1438 50
1439 36
1440 28
1441 26
1442 68
1443 57
1444 32
1445 17
1446 48
1447 31
1448 32
1449 11
1450 32
1451 18
1452 42
1453 17
1454 42
1455 32
1456 11
1457 49
1458 48
1459 28
1460 5
1461 26
1462 22
1463 25
1464 69
1465 68
1466 40
1467 41
1468 3
1469 10
1470 24
1471 41
1472 16
1473 12
1474 43
1475 9
1476 33
1477 43
1478 18
1479 49
1480 16
1481 59
1482 4
1483 25
1484 56
1485 3
1486 71
1487 50
1488 42
1489 19
1490 25
1491 63
1492 67
1493 1
1494 23
1495 70
1496 34
1497 5
1498 24
1499 23
1500 29
1501 35
1502 37
1503 8
1504 30
1505 18
1506 62
1507 1
1508 18
1509 36
1510 60
1511 51
1512 32
1513 9
1514 47
1515 22
1516 48
1517 64
1518 36
1519 54
1520 49
1521 55
1522 22
1523 64
1524 25
1525 22
1526 28
1527 54
1528 8
1529 37
1530 18
1531 46
1532 7
1533 19
1534 16
1535 41
1536 3
1537 69
1538 36
1539 8
1540 29
1541 34
1542 38
1543 26
1544 52
1545 56
1546 55
1547 29
1548 29
1549 45
1550 50
1551 54
1552 46
1553 45
1554 46
1555 42
1556 19
1557 36
1558 37
1559 36
1560 5
1561 41
1562 45
1563 11
1564 57
1565 55
1566 31
1567 57
1568 52
1569 10
1570 57
1571 54
1572 38
1573 38
1574 69
1575 69
1576 30
1577 39
1578 39
1579 39
1580 56
1581 61
1582 6
1583 31
1584 0
1585 0
1586 31
1587 34
1588 30
1589 54
1590 35
1591 13
1592 66
1593 63
1594 49
1595 15
1596 65
1597 34
1598 71
1599 3
1600 98
1601 44
1602 28
1603 1
1604 5
1605 30
1606 51
1607 49
1608 39
1609 49
1610 45
1611 52
1612 49
1613 49
1614 15
1615 46
1616 18
1617 50
1618 53
1619 19
1620 18
1621 31
1622 44
1623 9
1624 42
1625 41
1626 50
1627 35
1628 18
1629 74
1630 64
1631 54
1632 64
1633 63
1634 53
1635 37
1636 47
1637 16
1638 66
1639 40
1640 70
1641 28
1642 93
1643 45
1644 97
1645 25
1646 49
1647 17
1648 40
1649 44
1650 13
1651 37
1652 7
1653 12
1654 39
1655 12
1656 14
1657 76
1658 32
1659 37
1660 37
1661 42
1662 44
1663 41
1664 86
1665 34
1666 36
1667 11
1668 53
1669 46
1670 20
1671 22
1672 32
1673 35
1674 30
1675 0
1676 28
1677 29
1678 23
1679 2
1680 32
1681 30
1682 29
1683 35
1684 33
1685 40
1686 16
1687 37
1688 1
1689 8
1690 7
1691 46
1692 60
1693 33
1694 40
1695 93
1696 48
1697 30
1698 5
1699 7
1700 31
1701 97
1702 12
1703 46
1704 11
1705 46
1706 59
1707 10
1708 29
1709 1
1710 40
1711 12
1712 40
1713 43
1714 34
1715 65
1716 12
1717 66
1718 35
1719 39
1720 37
1721 2
1722 22
1723 50
1724 11
1725 14
1726 45
1727 30
1728 50
1729 39
1730 60
1731 55
1732 47
1733 24
1734 66
1735 38
1736 0
1737 5
1738 27
1739 52
1740 49
1741 17
1742 57
1743 4
1744 14
1745 30
1746 42
1747 41
1748 38
1749 52
1750 51
1751 28
1752 49
1753 28
1754 33
1755 8
1756 3
1757 44
1758 58
1759 12
1760 75
1761 5
1762 33
1763 33
1764 38
1765 37
1766 41
1767 51
1768 21
1769 52
1770 56
1771 39
1772 37
1773 40
1774 23
1775 21
1776 54
1777 64
1778 8
1779 33
1780 18
1781 50
1782 6
1783 61
1784 20
1785 34
1786 3
1787 7
1788 35
1789 45
1790 32
1791 32
1792 32
1793 1
1794 63
1795 35
1796 11
1797 5
1798 65
1799 69
1800 42
1801 57
1802 31
1803 48
1804 16
1805 45
1806 28
1807 6
1808 21
1809 22
1810 27
1811 39
1812 22
1813 56
1814 59
1815 95
1816 28
1817 43
1818 61
1819 41
1820 26
1821 57
1822 38
1823 58
1824 52
1825 48
1826 49
1827 50
1828 57
1829 29
1830 68
1831 40
1832 45
1833 6
1834 48
1835 31
1836 31
1837 41
1838 28
1839 30
1840 63
1841 49
1842 17
1843 46
1844 46
1845 52
1846 54
1847 22
1848 44
1849 19
1850 22
1851 51
1852 17
1853 51
1854 51
1855 47
1856 25
1857 3
1858 20
1859 54
1860 55
1861 9
1862 53
1863 44
1864 8
1865 10
1866 13
1867 48
1868 19
1869 61
1870 26
1871 62
1872 43
1873 66
1874 54
1875 50
1876 41
1877 40
1878 42
1879 58
1880 6
1881 55
1882 96
1883 16
1884 12
1885 91
1886 18
1887 28
1888 22
1889 1
1890 41
1891 46
1892 68
1893 23
1894 65
1895 56
1896 37
1897 40
1898 9
1899 66
1900 17
1901 77
1902 31
1903 29
1904 48
1905 1
1906 42
1907 59
1908 53
1909 27
1910 42
1911 47
1912 35
1913 37
1914 93
1915 17
1916 56
1917 38
1918 18
1919 15
1920 48
1921 17
1922 21
1923 96
1924 45
1925 23
1926 18
1927 30
1928 45
1929 42
1930 46
1931 35
1932 12
1933 70
1934 17
1935 35
1936 77
1937 7
1938 56
1939 22
1940 21
1941 28
1942 8
1943 23
1944 90
1945 56
1946 54
1947 30
1948 6
1949 80
1950 45
1951 93
1952 1
1953 29
1954 33
1955 41
1956 0
1957 50
1958 6
1959 53
1960 12
1961 14
1962 52
1963 23
1964 10
1965 61
1966 62
1967 44
1968 11
1969 41
1970 7
1971 10
1972 27
1973 33
1974 44
1975 1
1976 49
1977 27
1978 2
1979 68
1980 73
1981 23
1982 65
1983 4
1984 57
1985 60
1986 68
1987 58
1988 19
1989 58
1990 8
1991 51
1992 26
1993 48
1994 58
1995 56
1996 39
1997 69
1998 41
1999 66
2000 7
2001 58
2002 68
2003 29
2004 29
2005 71
2006 72
2007 65
2008 46
2009 68
2010 57
2011 1
2012 14
2013 9
2014 1
2015 46
2016 8
2017 31
2018 44
2019 52
2020 55
2021 29
2022 66
2023 12
2024 29
2025 24
2026 25
2027 51
2028 81
2029 52
2030 54
2031 20
2032 26
2033 61
2034 47
2035 46
2036 3
2037 38
2038 8
2039 48
2040 40
2041 1
2042 65
2043 49
2044 24
2045 81
2046 8
2047 43
2048 46
2049 46
2050 9
2051 17
2052 44
2053 7
2054 54
2055 54
2056 64
2057 4
2058 39
2059 41
2060 63
2061 61
2062 57
2063 61
2064 75
2065 12
2066 12
2067 19
2068 58
2069 1
2070 46
2071 46
2072 10
2073 73
2074 54
2075 46
2076 44
2077 35
2078 4
2079 49
2080 46
2081 24
2082 33
2083 2
2084 42
2085 43
2086 41
2087 22
2088 72
2089 9
2090 5
2091 57
2092 3
2093 24
2094 41
2095 43
2096 7
2097 5
2098 54
2099 30
2100 85
2101 36
2102 31
2103 50
2104 46
2105 44
2106 43
2107 53
2108 50
2109 54
2110 55
2111 31
2112 7
2113 30
2114 8
2115 21
2116 46
2117 45
2118 17
2119 39
2120 44
2121 22
2122 11
2123 15
2124 38
2125 41
2126 11
2127 49
2128 10
2129 36
2130 52
2131 42
2132 61
2133 63
2134 39
2135 1
2136 60
2137 39
2138 61
2139 26
2140 51
2141 57
2142 10
2143 36
2144 10
2145 8
2146 61
2147 54
2148 23
2149 4
2150 63
2151 70
2152 11
2153 40
2154 9
2155 47
2156 18
2157 30
2158 67
2159 16
2160 37
2161 37
2162 33
2163 36
2164 69
2165 16
2166 38
2167 40
2168 12
2169 2
2170 58
2171 65
2172 47
2173 47
2174 12
2175 70
2176 45
2177 51
2178 0
2179 60
2180 33
2181 27
2182 29
2183 36
2184 28
2185 32
2186 34
2187 80
2188 26
2189 5
2190 50
2191 59
2192 57
2193 30
2194 33
2195 63
2196 28
2197 41
2198 21
2199 5
2200 9
2201 48
2202 22
2203 50
2204 9
2205 43
2206 1
2207 27
2208 16
2209 19
2210 62
2211 18
2212 52
2213 24
2214 30
2215 64
2216 28
2217 64
2218 37
2219 37
2220 37
2221 4
2222 10
2223 38
2224 41
2225 94
2226 36
2227 22
2228 25
2229 37
2230 4
2231 6
2232 25
2233 80
2234 66
2235 32
2236 51
2237 29
2238 30
2239 36
2240 86
2241 45
2242 46
2243 55
2244 14
2245 49
2246 56
2247 1
2248 27
2249 69
2250 7
2251 20
2252 65
2253 31
2254 82
2255 72
2256 3
2257 36
2258 33
2259 14
2260 10
2261 36
2262 5
2263 2
2264 45
2265 45
2266 33
2267 6
2268 0
2269 56
2270 17
2271 68
2272 6
2273 31
2274 26
2275 64
2276 64
2277 71
2278 60
2279 53
2280 21
2281 64
2282 31
2283 16
2284 80
2285 41
2286 50
2287 25
2288 83
2289 48
2290 95
2291 40
2292 41
2293 46
2294 18
2295 56
2296 26
2297 37
2298 49
2299 44
2300 41
2301 14
2302 7
2303 85
2304 72
2305 4
2306 30
2307 62
2308 48
2309 25
2310 40
2311 14
2312 45
2313 19
2314 19
2315 41
2316 66
2317 53
2318 38
2319 40
2320 39
2321 39
2322 0
2323 38
2324 24
2325 59
2326 60
2327 62
2328 55
2329 44
2330 35
2331 37
2332 26
2333 28
2334 52
2335 30
2336 59
2337 59
2338 47
2339 95
2340 14
2341 74
2342 1
2343 58
2344 55
2345 23
2346 5
2347 53
2348 60
2349 55
2350 30
2351 71
2352 40
2353 14
2354 25
2355 61
2356 58
2357 34
2358 31
2359 11
2360 25
2361 31
2362 14
2363 64
2364 58
2365 12
2366 31
2367 21
2368 22
2369 30
2370 72
2371 35
2372 7
2373 67
2374 58
2375 50
2376 53
2377 10
2378 32
2379 43
2380 30
2381 46
2382 14
2383 50
2384 45
2385 9
2386 36
2387 46
2388 27
2389 79
2390 38
2391 31
2392 63
2393 32
2394 34
2395 25
2396 52
2397 11
2398 62
2399 4
2400 34
2401 13
2402 45
2403 49
2404 12
2405 35
2406 51
2407 34
2408 72
2409 69
2410 57
2411 38
2412 41
2413 19
2414 75
2415 97
2416 30
2417 10
2418 36
2419 53
2420 18
2421 30
2422 28
2423 27
2424 25
2425 60
2426 40
2427 52
2428 15
2429 51
2430 0
2431 45
2432 14
2433 50
2434 48
2435 33
2436 28
2437 30
2438 30
2439 70
2440 47
2441 45
2442 28
2443 26
2444 59
2445 19
2446 26
2447 24
2448 71
2449 69
2450 61
2451 62
2452 30
2453 41
2454 42
2455 40
2456 50
2457 34
2458 3
2459 32
2460 49
2461 49
2462 48
2463 8
2464 17
2465 49
2466 44
2467 38
2468 3
2469 37
2470 25
2471 20
2472 25
2473 66
2474 66
2475 69
2476 31
2477 35
2478 37
2479 29
2480 51
2481 8
2482 36
2483 41
2484 43
2485 41
2486 9
2487 16
2488 51
2489 22
2490 59
2491 45
2492 31
2493 65
2494 62
2495 41
2496 54
2497 53
2498 58
2499 10
2500 20
2501 41
2502 11
2503 40
2504 66
2505 64
2506 22
2507 31
2508 36
2509 35
2510 26
2511 1
2512 52
2513 55
2514 27
2515 43
2516 35
2517 52
2518 20
2519 62
2520 16
2521 33
2522 40
2523 43
2524 56
2525 10
2526 14
2527 61
2528 27
2529 1
2530 23
2531 31
2532 1
2533 43
2534 34
2535 43
2536 34
2537 44
2538 27
2539 44
2540 44
2541 19
2542 31
2543 66
2544 67
2545 33
2546 62
2547 9
2548 33
2549 37
2550 65
2551 35
2552 67
2553 8
2554 29
2555 50
2556 89
2557 6
2558 46
2559 48
2560 31
2561 40
2562 5
2563 31
2564 95
2565 36
2566 5
2567 55
2568 57
2569 49
2570 22
2571 10
2572 48
2573 48
2574 28
2575 25
2576 56
2577 14
2578 17
2579 21
2580 58
2581 16
2582 31
2583 27
2584 25
2585 34
2586 30
2587 45
2588 23
2589 33
2590 26
2591 27
2592 55
2593 47
2594 74
2595 30
2596 30
2597 5
2598 21
2599 30
2600 36
2601 40
2602 7
2603 14
2604 5
2605 72
2606 59
2607 37
2608 21
2609 78
2610 47
2611 26
2612 25
2613 7
2614 53
2615 44
2616 3
2617 28
2618 4
2619 74
2620 71
2621 66
2622 16
2623 62
2624 65
2625 7
2626 56
2627 32
2628 31
2629 60
2630 25
2631 53
2632 26
2633 6
2634 10
2635 47
2636 73
2637 42
2638 64
2639 50
2640 31
2641 38
2642 16
2643 43
2644 20
2645 17
2646 66
2647 70
2648 38
2649 29
2650 56
2651 6
2652 27
2653 12
2654 51
2655 49
2656 65
2657 19
2658 57
2659 30
2660 3
2661 57
2662 55
2663 21
2664 20
2665 56
2666 54
2667 27
2668 79
2669 51
2670 34
2671 36
2672 7
2673 20
2674 46
2675 26
2676 20
2677 26
2678 26
2679 53
2680 23
2681 51
2682 55
2683 47
2684 63
2685 33
2686 36
2687 14
2688 37
2689 18
2690 53
2691 54
2692 67
2693 58
2694 53
2695 27
2696 75
2697 47
2698 21
2699 58
2700 40
2701 28
2702 5
2703 31
2704 88
2705 48
2706 56
2707 19
2708 58
2709 27
2710 28
2711 43
2712 27
2713 4
2714 26
2715 28
2716 29
2717 58
2718 17
2719 41
2720 8
2721 40
2722 42
2723 15
2724 16
2725 9
2726 65
2727 12
2728 68
2729 59
2730 8
2731 40
2732 69
2733 69
2734 30
2735 28
2736 15
2737 20
2738 22
2739 56
2740 67
2741 66
2742 33
2743 41
2744 8
2745 15
2746 63
2747 1
2748 33
2749 26
2750 30
2751 42
2752 19
2753 39
2754 40
2755 27
2756 27
2757 26
2758 52
2759 16
2760 60
2761 92
2762 70
2763 52
2764 57
2765 26
2766 51
2767 66
2768 39
2769 30
2770 28
2771 57
2772 8
2773 46
2774 45
2775 29
2776 39
2777 35
2778 50
2779 18
2780 7
2781 68
2782 10
2783 65
2784 10
2785 25
2786 15
2787 34
2788 54
2789 16
2790 46
2791 21
2792 27
2793 42
2794 6
2795 56
2796 72
2797 44
2798 50
2799 3
2800 16
2801 11
2802 41
2803 41
2804 1
2805 11
2806 41
2807 7
2808 19
2809 54
2810 29
2811 55
2812 56
2813 11
2814 36
2815 1
2816 1
2817 37
2818 36
2819 8
2820 21
2821 36
2822 45
2823 73
2824 73
2825 31
2826 62
2827 28
2828 64
2829 57
2830 46
2831 39
2832 19
2833 30
2834 93
2835 8
2836 59
2837 23
2838 5
2839 29
2840 83
2841 15
2842 39
2843 56
2844 31
2845 24
2846 22
2847 26
2848 54
2849 55
2850 7
2851 23
2852 25
2853 26
2854 48
2855 19
2856 65
2857 6
2858 25
2859 20
2860 27
2861 53
2862 34
2863 96
2864 12
2865 31
2866 34
2867 32
2868 7
2869 58
2870 4
2871 21
2872 7
2873 19
2874 41
2875 35
2876 61
2877 49
2878 40
2879 9
2880 1
2881 35
2882 67
2883 35
2884 63
2885 32
2886 73
2887 6
2888 53
2889 22
2890 92
2891 0
2892 46
2893 17
2894 64
2895 62
2896 61
2897 35
2898 13
2899 31
2900 37
2901 60
2902 35
2903 47
2904 4
2905 48
2906 21
2907 15
2908 48
2909 75
2910 59
2911 38
2912 20
2913 48
2914 43
2915 47
2916 12
2917 0
2918 52
2919 26
2920 30
2921 96
2922 13
2923 32
2924 31
2925 39
2926 45
2927 45
2928 47
2929 12
2930 39
2931 31
2932 34
2933 65
2934 8
2935 45
2936 44
2937 33
2938 7
2939 1
2940 84
2941 74
2942 18
2943 53
2944 55
2945 57
2946 67
2947 96
2948 12
2949 31
2950 5
2951 36
2952 27
2953 35
2954 55
2955 62
2956 7
2957 35
2958 60
2959 32
2960 14
2961 47
2962 46
2963 44
2964 13
2965 48
2966 53
2967 77
2968 77
2969 49
2970 7
2971 73
2972 13
2973 5
2974 71
2975 45
2976 68
2977 45
2978 70
2979 11
2980 38
2981 34
2982 31
2983 43
2984 7
2985 38
2986 80
2987 50
2988 44
2989 24
2990 50
2991 69
2992 64
2993 41
2994 17
2995 21
2996 20
2997 23
2998 53
2999 25
3000 2
3001 49
3002 46
3003 90
3004 11
3005 67
3006 36
3007 27
3008 97
3009 16
3010 39
3011 61
3012 67
3013 57
3014 49
3015 29
3016 47
3017 38
3018 47
3019 56
3020 9
3021 34
3022 32
3023 55
3024 10
3025 68
3026 8
3027 39
3028 24
3029 5
3030 39
3031 31
3032 40
3033 27
3034 36
3035 38
3036 98
3037 79
3038 52
3039 44
3040 11
3041 31
3042 7
3043 11
3044 25
3045 48
3046 27
3047 64
3048 6
3049 1
3050 20
3051 17
3052 53
3053 51
3054 10
3055 56
3056 59
3057 52
3058 31
3059 57
3060 26
3061 49
3062 60
3063 62
3064 73
3065 0
3066 65
3067 65
3068 55
3069 31
3070 52
3071 5
3072 58
3073 23
3074 36
3075 21
3076 31
3077 36
3078 35
3079 20
3080 74
3081 70
3082 57
3083 16
3084 52
3085 44
3086 44
3087 43
3088 9
3089 22
3090 53
3091 14
3092 21
3093 36
3094 3
3095 36
3096 32
3097 0
3098 25
3099 37
3100 12
3101 43
3102 30
3103 0
3104 31
3105 3
3106 0
3107 67
3108 69
3109 77
3110 72
3111 62
3112 68
3113 4
3114 69
3115 62
3116 36
3117 48
3118 46
3119 27
3120 27
3121 57
3122 28
3123 36
3124 8
3125 7
3126 42
3127 45
3128 72
3129 71
3130 34
3131 7
3132 15
3133 3
3134 49
3135 50
3136 34
3137 29
3138 81
3139 38
3140 86
3141 12
3142 21
3143 24
3144 40
3145 27
3146 50
3147 23
3148 51
3149 61
3150 60
3151 57
3152 63
3153 25
3154 88
3155 62
3156 39
3157 58
3158 4
3159 27
3160 24
3161 60
3162 61
3163 61
3164 4
3165 61
3166 12
3167 6
3168 33
3169 52
3170 37
3171 54
3172 49
3173 47
3174 54
3175 9
3176 62
3177 27
3178 40
3179 56
3180 3
3181 25
3182 54
3183 25
3184 77
3185 36
3186 37
3187 11
3188 31
3189 6
3190 19
3191 43
3192 37
3193 17
3194 44
3195 27
3196 28
3197 30
3198 28
3199 26
3200 27
3201 53
3202 19
3203 40
3204 24
3205 13
3206 66
3207 34
3208 31
3209 29
3210 71
3211 5
3212 63
3213 38
3214 30
3215 26
3216 5
3217 32
3218 43
3219 44
3220 42
3221 38
3222 38
3223 64
3224 32
3225 64
3226 41
3227 33
3228 4
3229 45
3230 61
3231 16
3232 70
3233 59
3234 68
3235 17
3236 58
3237 34
3238 2
3239 28
3240 9
3241 0
3242 22
3243 25
3244 95
3245 51
3246 59
3247 57
3248 29
3249 54
3250 23
3251 2
3252 92
3253 42
3254 14
3255 13
3256 22
3257 42
3258 2
3259 63
3260 64
3261 37
3262 2
3263 11
3264 36
3265 32
3266 1
3267 92
3268 13
3269 41
3270 36
3271 28
3272 4
3273 32
3274 27
3275 80
3276 24
3277 47
3278 28
3279 31
3280 1
3281 18
3282 49
3283 43
3284 8
3285 33
3286 60
3287 34
3288 51
3289 10
3290 68
3291 97
3292 31
3293 0
3294 62
3295 64
3296 98
3297 44
3298 58
3299 28
3300 53
3301 48
3302 15
3303 14
3304 12
3305 40
3306 8
3307 38
3308 98
3309 40
3310 24
3311 23
3312 34
3313 9
3314 30
3315 32
3316 62
3317 9
3318 25
3319 26
3320 74
3321 46
3322 46
3323 0
3324 26
3325 7
3326 12
3327 47
3328 36
3329 16
3330 16
3331 38
3332 45
3333 38
3334 50
3335 55
3336 50
3337 13
3338 15
3339 23
3340 55
3341 50
3342 53
3343 26
3344 5
3345 26
3346 74
3347 81
3348 62
3349 67
3350 54
3351 17
3352 42
3353 1
3354 53
3355 64
3356 8
3357 43
3358 66
3359 19
3360 29
3361 50
3362 44
3363 27
3364 24
3365 28
3366 70
3367 59
3368 13
3369 35
3370 21
3371 27
3372 44
3373 25
3374 28
3375 1
3376 32
3377 33
3378 34
3379 6
3380 54
3381 56
3382 29
3383 35
3384 59
3385 6
3386 58
3387 46
3388 66
3389 71
3390 91
3391 58
3392 27
3393 19
3394 38
3395 29
3396 18
3397 25
3398 32
3399 60
3400 1
3401 59
3402 47
3403 16
3404 1
3405 47
3406 34
3407 23
3408 1
3409 26
3410 21
3411 29
3412 33
3413 35
3414 6
3415 38
3416 17
3417 60
3418 31
3419 9
3420 12
3421 12
3422 54
3423 21
3424 28
3425 30
3426 23
3427 9
3428 56
3429 54
3430 41
3431 54
3432 50
3433 12
3434 17
3435 30
3436 28
3437 48
3438 28
3439 1
3440 28
3441 28
3442 92
3443 4
3444 38
3445 37
3446 9
3447 0
3448 34
3449 46
3450 34
3451 2
3452 47
3453 49
3454 22
3455 16
3456 53
3457 57
3458 38
3459 36
3460 6
3461 28
3462 38
3463 10
3464 35
3465 44
3466 18
3467 3
3468 41
3469 30
3470 36
3471 15
3472 65
3473 22
3474 25
3475 47
3476 27
3477 2
3478 38
3479 36
3480 60
3481 55
3482 66
3483 34
3484 20
3485 3
3486 21
3487 54
3488 22
3489 23
3490 58
3491 29
3492 57
3493 0
3494 39
3495 29
3496 37
3497 83
3498 47
3499 32
3500 42
3501 13
3502 44
3503 43
3504 4
3505 21
3506 30
3507 49
3508 46
3509 64
3510 37
3511 4
3512 24
3513 57
3514 40
3515 18
3516 42
3517 14
3518 13
3519 5
3520 20
3521 40
3522 42
3523 17
3524 11
3525 6
3526 39
3527 28
3528 5
3529 39
3530 9
3531 38
3532 39
3533 9
3534 36
3535 35
3536 36
3537 36
3538 5
3539 43
3540 27
3541 62
3542 35
3543 38
3544 45
3545 40
3546 66
3547 66
3548 52
3549 33
3550 51
3551 70
3552 4
3553 22
3554 21
3555 16
3556 17
3557 22
3558 18
3559 58
3560 56
3561 24
3562 60
3563 67
3564 66
3565 43
3566 27
3567 38
3568 43
3569 38
3570 10
3571 45
3572 43
3573 39
3574 47
3575 98
3576 46
3577 88
3578 6
3579 42
3580 38
3581 1
3582 12
3583 13
3584 74
3585 62
3586 36
3587 11
3588 35
3589 33
3590 66
3591 41
3592 33
3593 31
3594 30
3595 3
3596 34
3597 24
3598 28
3599 43
3600 93
3601 51
3602 32
3603 65
3604 32
3605 68
3606 68
3607 32
3608 32
3609 9
3610 30
3611 12
3612 97
3613 41
3614 49
3615 18
3616 87
3617 9
3618 38
3619 33
3620 65
3621 34
3622 6
3623 19
3624 71
3625 64
3626 15
3627 5
3628 65
3629 30
3630 39
3631 87
3632 41
3633 27
3634 27
3635 53
3636 29
3637 25
3638 70
3639 41
3640 34
3641 31
3642 37
3643 35
3644 15
3645 68
3646 64
3647 18
3648 19
3649 60
3650 36
3651 56
3652 58
3653 3
3654 59
3655 40
3656 36
3657 85
3658 51
3659 69
3660 45
3661 51
3662 82
3663 44
3664 20
3665 64
3666 32
3667 89
3668 37
3669 54
3670 71
3671 8
3672 34
3673 75
3674 81
3675 52
3676 40
3677 31
3678 39
3679 6
3680 17
3681 8
3682 11
3683 53
3684 56
3685 66
3686 31
3687 21
3688 17
3689 31
3690 46
3691 59
3692 59
3693 35
3694 10
3695 12
3696 14
3697 72
3698 69
3699 46
3700 15
3701 48
3702 85
3703 31
3704 46
3705 23
3706 12
3707 27
3708 66
3709 68
3710 43
3711 43
3712 42
3713 17
3714 2
3715 37
3716 13
3717 1
3718 5
3719 68
3720 39
3721 56
3722 59
3723 56
3724 19
3725 81
3726 59
3727 49
3728 10
3729 52
3730 11
3731 97
3732 22
3733 36
3734 6
3735 54
3736 26
3737 59
3738 39
3739 8
3740 35
3741 69
3742 10
3743 36
3744 7
3745 15
3746 8
3747 18
3748 43
3749 44
3750 36
3751 9
3752 91
3753 49
3754 43
3755 43
3756 0
3757 25
3758 54
3759 72
3760 34
3761 34
3762 10
3763 1
3764 98
3765 29
3766 17
3767 0
3768 4
3769 29
3770 45
3771 58
3772 26
3773 55
3774 31
3775 50
3776 14
3777 0
3778 31
3779 14
3780 39
3781 33
3782 37
3783 37
3784 64
3785 37
3786 84
3787 42
3788 59
3789 1
3790 9
3791 60
3792 23
3793 32
3794 42
3795 31
3796 38
3797 9
3798 80
3799 9
3800 23
3801 34
3802 28
3803 70
3804 32
3805 2
3806 37
3807 33
3808 86
3809 57
3810 7
3811 44
3812 32
3813 57
3814 44
3815 43
3816 18
3817 44
3818 69
3819 41
3820 56
3821 27
3822 71
3823 71
3824 75
3825 28
3826 90
3827 30
3828 38
3829 72
3830 65
3831 64
3832 11
3833 62
3834 48
3835 45
3836 29
3837 46
3838 5
3839 66
3840 25
3841 62
3842 41
3843 11
3844 44
3845 62
3846 9
3847 62
3848 59
3849 26
3850 49
3851 52
3852 19
3853 41
3854 8
3855 13
3856 51
3857 0
3858 50
3859 30
3860 48
3861 40
3862 41
3863 39
3864 45
3865 14
3866 47
3867 43
3868 40
3869 56
3870 15
3871 33
3872 18
3873 32
3874 29
3875 78
3876 20
3877 57
3878 28
3879 20
3880 3
3881 26
3882 26
3883 31
3884 94
3885 54
3886 13
3887 54
3888 69
3889 47
3890 50
3891 32
3892 9
3893 32
3894 14
3895 66
3896 3
3897 62
3898 7
3899 51
3900 23
3901 25
3902 22
3903 40
3904 39
3905 35
3906 3
3907 1
3908 41
3909 12
3910 46
3911 46
3912 34
3913 11
3914 7
3915 10
3916 68
3917 19
3918 64
3919 21
3920 34
3921 3
3922 37
3923 26
3924 63
3925 33
3926 35
3927 12
3928 31
3929 29
3930 63
3931 2
3932 91
3933 48
3934 11
3935 29
3936 38
3937 3
3938 44
3939 35
3940 33
3941 64
3942 64
3943 49
3944 68
3945 12
3946 15
3947 18
3948 55
3949 32
3950 61
3951 60
3952 43
3953 7
3954 28
3955 31
3956 29
3957 55
3958 58
3959 53
3960 24
3961 28
3962 63
3963 20
3964 62
3965 52
3966 93
3967 26
3968 6
3969 47
3970 48
3971 32
3972 67
3973 24
3974 70
3975 6
3976 69
3977 74
3978 50
3979 56
3980 14
3981 28
3982 27
3983 34
3984 3
3985 37
3986 3
3987 30
3988 29
3989 20
3990 74
3991 34
3992 38
3993 4
3994 37
3995 12
3996 51
3997 62
3998 50
3999 26
4000 30
4001 5
4002 0
4003 30
4004 61
4005 3
4006 64
4007 20
4008 46
4009 17
4010 84
4011 46
4012 48
4013 68
4014 14
4015 31
4016 49
4017 44
4018 47
4019 27
4020 27
4021 36
4022 31
4023 27
4024 2
4025 29
4026 38
4027 9
4028 89
4029 53
4030 87
4031 33
4032 48
4033 74
4034 44
4035 43
4036 37
4037 31
4038 46
4039 45
4040 21
4041 4
4042 17
4043 21
4044 30
4045 19
4046 13
4047 45
4048 17
4049 17
4050 14
4051 68
4052 69
4053 70
4054 24
4055 37
4056 40
4057 8
4058 45
4059 9
4060 54
4061 30
4062 33
4063 37
4064 55
4065 38
4066 89
4067 45
4068 60
4069 67
4070 59
4071 50
4072 20
4073 52
4074 8
4075 0
4076 34
4077 36
4078 2
4079 62
4080 28
4081 50
4082 94
4083 19
4084 36
4085 9
4086 8
4087 7
4088 39
4089 11
4090 35
4091 6
4092 38
4093 35
4094 45
4095 8
4096 35
4097 42
4098 37
4099 34
4100 7
4101 34
4102 32
4103 63
4104 33
4105 39
4106 2
4107 26
4108 2
4109 24
4110 22
4111 66
4112 36
4113 43
4114 64
4115 35
4116 57
4117 45
4118 75
4119 54
4120 42
4121 4
4122 37
4123 42
4124 10
4125 27
4126 12
4127 60
4128 2
4129 28
4130 72
4131 72
4132 28
4133 98
4134 39
4135 22
4136 22
4137 59
4138 48
4139 6
4140 33
4141 55
4142 42
4143 58
4144 16
4145 43
4146 43
4147 12
4148 36
4149 43
4150 42
4151 4
4152 69
4153 66
4154 79
4155 41
4156 95
4157 46
4158 51
4159 62
4160 0
4161 53
4162 49
4163 85
4164 35
4165 8
4166 4
4167 73
4168 63
4169 73
4170 54
4171 29
4172 52
4173 50
4174 55
4175 65
4176 68
4177 22
4178 29
4179 12
4180 42
4181 64
4182 4
4183 65
4184 6
4185 69
4186 22
4187 23
4188 28
4189 11
4190 30
4191 5
4192 47
4193 45
4194 25
4195 34
4196 60
4197 23
4198 34
4199 73
4200 1
4201 47
4202 50
4203 34
4204 48
4205 13
4206 55
4207 7
4208 49
4209 0
4210 44
4211 34
4212 45
4213 0
4214 11
4215 18
4216 34
4217 8
4218 58
4219 54
4220 30
4221 38
4222 49
4223 38
4224 50
4225 12
4226 53
4227 28
4228 26
4229 23
4230 57
4231 28
4232 1
4233 27
4234 29
4235 26
4236 46
4237 11
4238 9
4239 65
4240 41
4241 87
4242 58
4243 33
4244 32
4245 26
4246 29
4247 33
4248 41
4249 74
4250 8
4251 83
4252 61
4253 55
4254 29
4255 30
4256 41
4257 43
4258 4
4259 12
4260 9
4261 32
4262 33
4263 73
4264 70
4265 26
4266 27
4267 34
4268 11
4269 3
4270 35
4271 32
4272 61
4273 29
4274 57
4275 11
4276 28
4277 55
4278 61
4279 60
4280 31
4281 7
4282 33
4283 31
4284 52
4285 79
4286 13
4287 54
4288 12
4289 31
4290 24
4291 64
4292 30
4293 70
4294 69
4295 54
4296 62
4297 30
4298 7
4299 27
4300 54
4301 44
4302 51
4303 30
4304 45
4305 8
4306 32
4307 51
4308 24
4309 0
4310 17
4311 36
4312 61
4313 55
4314 60
4315 39
4316 3
4317 1
4318 0
4319 58
4320 68
4321 35
4322 10
4323 39
4324 59
4325 28
4326 7
4327 32
4328 37
4329 38
4330 43
4331 17
4332 16
4333 41
4334 14
4335 13
4336 43
4337 71
4338 26
4339 35
4340 59
4341 31
4342 64
4343 57
4344 30
4345 12
4346 32
4347 50
4348 11
4349 48
4350 6
4351 40
4352 38
4353 10
4354 47
4355 14
4356 6
4357 42
4358 45
4359 16
4360 48
4361 56
4362 48
4363 16
4364 15
4365 93
4366 72
4367 52
4368 21
4369 61
4370 9
4371 47
4372 34
4373 5
4374 24
4375 32
4376 36
4377 35
4378 6
4379 0
4380 6
4381 47
4382 47
4383 45
4384 45
4385 51
4386 27
4387 27
4388 64
4389 3
4390 49
4391 47
4392 17
4393 42
4394 42
4395 30
4396 99
4397 93
4398 18
4399 35
4400 37
4401 15
4402 14
4403 33
4404 25
4405 34
4406 43
4407 40
4408 1
4409 5
4410 15
4411 39
4412 36
4413 38
4414 3
4415 59
4416 18
4417 51
4418 55
4419 57
4420 19
4421 4
4422 69
4423 24
4424 31
4425 41
4426 25
4427 28
4428 23
4429 54
4430 40
4431 25
4432 42
4433 1
4434 52
4435 67
4436 3
4437 59
4438 19
4439 44
4440 43
4441 43
4442 8
4443 27
4444 39
4445 35
4446 39
4447 4
4448 18
4449 23
4450 48
4451 8
4452 40
4453 33
4454 7
4455 56
4456 49
4457 84
4458 14
4459 13
4460 4
4461 37
4462 15
4463 13
4464 27
4465 19
4466 52
4467 12
4468 48
4469 22
4470 44
4471 14
4472 19
4473 38
4474 37
4475 37
4476 23
4477 6
4478 8
4479 45
4480 24
4481 2
4482 24
4483 24
4484 30
4485 4
4486 30
4487 42
4488 42
4489 6
4490 38
4491 47
4492 86
4493 6
4494 49
4495 51
4496 31
4497 53
4498 81
4499 50
4500 25
4501 53
4502 45
4503 47
4504 59
4505 33
4506 52
4507 22
4508 30
4509 26
4510 59
4511 14
4512 24
4513 31
4514 1
4515 35
4516 19
4517 65
4518 18
4519 38
4520 23
4521 32
4522 31
4523 12
4524 33
4525 51
4526 16
4527 56
4528 51
4529 30
4530 35
4531 10
4532 43
4533 34
4534 39
4535 12
4536 34
4537 1
4538 32
4539 29
4540 38
4541 27
4542 27
4543 49
4544 22
4545 53
4546 52
4547 35
4548 4
4549 12
4550 39
4551 50
4552 52
4553 65
4554 20
4555 53
4556 18
4557 1
4558 46
4559 62
4560 1
4561 32
4562 26
4563 19
4564 47
4565 12
4566 1
4567 34
4568 33
4569 34
4570 27
4571 43
4572 2
4573 17
4574 26
4575 26
4576 36
4577 51
4578 55
4579 26
4580 48
4581 52
4582 68
4583 67
4584 39
4585 9
4586 2
4587 10
4588 50
4589 20
4590 45
4591 53
4592 45
4593 46
4594 16
4595 64
4596 54
4597 25
4598 64
4599 10
4600 31
4601 30
4602 36
4603 41
4604 14
4605 1
4606 35
4607 73
4608 51
4609 77
4610 40
4611 68
4612 41
4613 63
4614 54
4615 47
4616 11
4617 90
4618 44
4619 26
4620 14
4621 67
4622 25
4623 74
4624 53
4625 34
4626 20
4627 21
4628 1
4629 50
4630 33
4631 54
4632 24
4633 54
4634 30
4635 18
4636 51
4637 30
4638 23
4639 5
4640 19
4641 69
4642 13
4643 29
4644 29
4645 7
4646 29
4647 21
4648 28
4649 45
4650 47
4651 6
4652 2
4653 27
4654 64
4655 59
4656 27
4657 62
4658 11
4659 78
4660 21
4661 28
4662 27
4663 25
4664 2
4665 32
4666 61
4667 40
4668 17
4669 21
4670 61
4671 21
4672 63
4673 40
4674 60
4675 57
4676 63
4677 30
4678 6
4679 4
4680 46
4681 32
4682 53
4683 48
4684 20
4685 47
4686 70
4687 9
4688 50
4689 24
4690 21
4691 55
4692 58
4693 46
4694 18
4695 23
4696 48
4697 47
4698 34
4699 66
4700 23
4701 47
4702 12
4703 57
4704 59
4705 67
4706 39
4707 27
4708 54
4709 34
4710 4
4711 13
4712 23
4713 93
4714 47
4715 52
4716 19
4717 4
4718 44
4719 7
4720 39
4721 42
4722 11
4723 72
4724 41
4725 47
4726 18
4727 46
4728 72
4729 30
4730 28
4731 62
4732 30
4733 38
4734 37
4735 17
4736 8
4737 13
4738 4
4739 63
4740 29
4741 18
4742 30
4743 11
4744 42
4745 34
4746 43
4747 12
4748 15
4749 43
4750 6
4751 36
4752 40
4753 37
4754 14
4755 95
4756 48
4757 44
4758 40
4759 42
4760 51
4761 7
4762 2
4763 72
4764 39
4765 43
4766 40
4767 41
4768 43
4769 6
4770 36
4771 10
4772 9
4773 95
4774 17
4775 70
4776 11
4777 33
4778 32
4779 0
4780 14
4781 58
4782 27
4783 48
4784 46
4785 25
4786 53
4787 30
4788 0
4789 19
4790 68
4791 58
4792 0
4793 61
4794 51
4795 11
4796 6
4797 39
4798 37
4799 42
4800 69
4801 2
4802 19
4803 33
4804 5
4805 46
4806 28
4807 2
4808 36
4809 3
4810 43
4811 25
4812 67
4813 0
4814 22
4815 20
4816 59
4817 4
4818 46
4819 46
4820 6
4821 27
4822 22
4823 35
4824 14
4825 15
4826 38
4827 56
4828 27
4829 22
4830 72
4831 26
4832 69
4833 8
4834 61
4835 59
4836 36
4837 7
4838 2
4839 39
4840 4
4841 34
4842 26
4843 48
4844 23
4845 74
4846 68
4847 68
4848 66
4849 29
4850 36
4851 30
4852 11
4853 41
4854 36
4855 36
4856 2
4857 36
4858 31
4859 34
4860 32
4861 3
4862 6
4863 55
4864 26
4865 63
4866 11
4867 63
4868 16
4869 37
4870 37
4871 58
4872 55
4873 6
4874 8
4875 57
4876 31
4877 61
4878 48
4879 27
4880 17
4881 25
4882 16
4883 68
4884 50
4885 39
4886 37
4887 42
4888 50
4889 48
4890 46
4891 17
4892 56
4893 57
4894 31
4895 50
4896 71
4897 70
4898 42
4899 41
4900 43
4901 41
4902 45
4903 18
4904 46
4905 11
4906 1
4907 28
4908 34
4909 33
4910 32
4911 37
4912 6
4913 46
4914 19
4915 31
4916 35
4917 22
4918 52
4919 49
4920 46
4921 50
4922 9
4923 25
4924 69
4925 47
4926 48
4927 25
4928 90
4929 4
4930 50
4931 19
4932 57
4933 13
4934 57
4935 18
4936 22
4937 59
4938 48
4939 32
4940 34
4941 26
4942 50
4943 61
4944 9
4945 62
4946 4
4947 34
4948 8
4949 58
4950 37
4951 67
4952 12
4953 31
4954 55
4955 59
4956 26
4957 61
4958 64
4959 62
4960 7
4961 67
4962 62
4963 31
4964 60
4965 30
4966 44
4967 40
4968 45
4969 78
4970 41
4971 54
4972 65
4973 25
4974 34
4975 28
4976 60
4977 7
4978 81
4979 11
4980 40
4981 46
4982 38
4983 47
4984 48
4985 47
4986 1
4987 13
4988 11
4989 33
4990 35
4991 7
4992 51
4993 60
4994 20
4995 74
4996 22
4997 53
4998 62
4999 3
5000 32
5001 13
5002 26
5003 35
5004 35
5005 6
5006 4
5007 65
5008 55
5009 26
5010 46
5011 65
5012 69
5013 60
5014 63
5015 39
5016 35
5017 34
5018 7
5019 62
5020 1
5021 78
5022 60
5023 21
5024 29
5025 44
5026 27
5027 14
5028 40
5029 8
5030 56
5031 32
5032 46
5033 17
5034 20
5035 39
5036 9
5037 14
5038 48
5039 53
5040 49
5041 20
5042 50
5043 8
5044 53
5045 42
5046 46
5047 29
5048 47
5049 15
5050 65
5051 29
5052 70
5053 7
5054 35
5055 36
5056 18
5057 35
5058 39
5059 61
5060 8
5061 29
5062 48
5063 15
5064 98
5065 62
5066 7
5067 63
5068 23
5069 17
5070 23
5071 44
5072 15
5073 3
5074 72
5075 19
5076 54
5077 20
5078 53
5079 74
5080 4
5081 89
5082 28
5083 27
5084 28
5085 35
5086 38
5087 8
5088 40
5089 61
5090 22
5091 62
5092 51
5093 66
5094 44
5095 66
5096 83
5097 74
5098 73
5099 32
5100 7
5101 43
5102 42
5103 9
5104 37
5105 57
5106 62
5107 18
5108 68
5109 0
5110 69
5111 24
5112 51
5113 39
5114 38
5115 61
5116 20
5117 35
5118 30
5119 12
5120 36
5121 37
5122 86
5123 5
5124 47
5125 45
5126 28
5127 47
5128 1
5129 89
5130 49
5131 36
5132 37
5133 49
5134 45
5135 42
5136 19
5137 58
5138 43
5139 72
5140 7
5141 84
5142 13
5143 69
5144 10
5145 21
5146 64
5147 65
5148 1
5149 50
5150 54
5151 4
5152 16
5153 28
5154 29
5155 26
5156 5
5157 6
5158 30
5159 30
5160 29
5161 93
5162 71
5163 57
5164 5
5165 43
5166 44
5167 54
5168 42
5169 18
5170 6
5171 21
5172 44
5173 8
5174 42
5175 42
5176 54
5177 58
5178 4
5179 28
5180 91
5181 55
5182 8
5183 55
5184 32
5185 45
5186 59
5187 9
5188 38
5189 3
5190 5
5191 10
5192 31
5193 32
5194 27
5195 61
5196 88
5197 48
5198 1
5199 42
5200 72
5201 11
5202 51
5203 39
5204 7
5205 4
5206 42
5207 46
5208 33
5209 45
5210 48
5211 22
5212 60
5213 30
5214 31
5215 37
5216 43
5217 30
5218 3
5219 67
5220 27
5221 16
5222 35
5223 40
5224 7
5225 30
5226 6
5227 18
5228 66
5229 29
5230 36
5231 75
5232 21
5233 55
5234 17
5235 40
5236 21
5237 42
5238 53
5239 51
5240 99
5241 96
5242 54
5243 32
5244 28
5245 93
5246 31
5247 32
5248 33
5249 7
5250 34
5251 32
5252 25
5253 80
5254 14
5255 66
5256 3
5257 39
5258 16
5259 72
5260 39
5261 43
5262 73
5263 68
5264 7
5265 15
5266 66
5267 10
5268 53
5269 22
5270 92
5271 58
5272 20
5273 38
5274 33
5275 8
5276 13
5277 39
5278 34
5279 32
5280 39
5281 28
5282 39
5283 10
5284 8
5285 28
5286 63
5287 0
5288 33
5289 31
5290 31
5291 30
5292 91
5293 17
5294 42
5295 32
5296 5
5297 40
5298 52
5299 17
5300 28
5301 25
5302 22
5303 57
5304 55
5305 9
5306 36
5307 36
5308 11
5309 68
5310 9
5311 63
5312 15
5313 37
5314 37
5315 39
5316 1
5317 0
5318 44
5319 12
5320 7
5321 31
5322 38
5323 13
5324 38
5325 23
5326 47
5327 96
5328 42
5329 44
5330 61
5331 13
5332 10
5333 24
5334 51
5335 68
5336 67
5337 72
5338 82
5339 87
5340 58
5341 52
5342 44
5343 20
5344 41
5345 17
5346 8
5347 61
5348 14
5349 89
5350 65
5351 48
5352 14
5353 68
5354 22
5355 26
5356 29
5357 28
5358 1
5359 67
5360 9
5361 38
5362 9
5363 40
5364 11
5365 25
5366 93
5367 53
5368 35
5369 37
5370 10
5371 26
5372 16
5373 29
5374 52
5375 27
5376 51
5377 63
5378 3
5379 41
5380 56
5381 58
5382 40
5383 26
5384 41
5385 16
5386 6
5387 38
5388 18
5389 51
5390 52
5391 22
5392 52
5393 30
5394 5
5395 54
5396 12
5397 3
5398 37
5399 44
5400 0
5401 41
5402 19
5403 28
5404 5
5405 2
5406 5
5407 30
5408 37
5409 8
5410 7
5411 38
5412 9
5413 63
5414 9
5415 2
5416 34
5417 34
5418 32
5419 27
5420 69
5421 63
5422 46
5423 37
5424 27
5425 6
5426 43
5427 72
5428 69
5429 57
5430 66
5431 69
5432 59
5433 57
5434 38
5435 10
5436 19
5437 9
5438 36
5439 39
5440 34
5441 36
5442 17
5443 46
5444 51
5445 16
5446 22
5447 55
5448 57
5449 58
5450 9
5451 61
5452 90
5453 8
5454 28
5455 4
5456 4
5457 28
5458 56
5459 54
5460 2
5461 46
5462 51
5463 21
5464 45
5465 61
5466 58
5467 17
5468 25
5469 73
5470 75
5471 45
5472 17
5473 51
5474 13
5475 35
5476 35
5477 54
5478 57
5479 21
5480 23
5481 38
5482 37
5483 40
5484 15
5485 58
5486 1
5487 56
5488 37
5489 73
5490 54
5491 68
5492 37
5493 19
5494 27
5495 63
5496 63
5497 63
5498 3
5499 62
5500 55
5501 57
5502 58
5503 27
5504 24
5505 23
5506 48
5507 47
5508 10
5509 26
5510 67
5511 64
5512 45
5513 49
5514 30
5515 47
5516 47
5517 49
5518 22
5519 28
5520 49
5521 32
5522 38
5523 48
5524 64
5525 12
5526 83
5527 40
5528 49
5529 78
5530 15
5531 58
5532 57
5533 30
5534 53
5535 22
5536 48
5537 6
5538 21
5539 26
5540 45
5541 26
5542 1
5543 46
5544 0
5545 44
5546 42
5547 6
5548 42
5549 72
5550 70
5551 59
5552 5
5553 11
5554 5
5555 36
5556 35
5557 10
5558 0
5559 7
5560 20
5561 39
5562 37
5563 37
5564 15
5565 36
5566 38
5567 35
5568 5
5569 31
5570 19
5571 54
5572 41
5573 39
5574 87
5575 96
5576 70
5577 68
5578 63
5579 58
5580 27
5581 35
5582 41
5583 7
5584 3
5585 67
5586 63
5587 44
5588 6
5589 38
5590 28
5591 45
5592 5
5593 39
5594 12
5595 62
5596 24
5597 94
5598 35
5599 29
5600 41
5601 42
5602 0
5603 89
5604 24
5605 71
5606 5
5607 55
5608 1
5609 30
5610 30
5611 12
5612 3
5613 6
5614 37
5615 2
5616 37
5617 7
5618 11
5619 36
5620 40
5621 71
5622 73
5623 29
5624 78
5625 35
5626 45
5627 11
5628 10
5629 16
5630 15
5631 42
5632 51
5633 53
5634 22
5635 35
5636 38
5637 12
5638 50
5639 70
5640 55
5641 66
5642 41
5643 31
5644 68
5645 23
5646 21
5647 66
5648 27
5649 66
5650 15
5651 34
5652 67
5653 37
5654 33
5655 12
5656 32
5657 27
5658 12
5659 67
5660 38
5661 62
5662 9
5663 30
5664 30
5665 25
5666 29
5667 28
5668 54
5669 13
5670 64
5671 4
5672 36
5673 36
5674 42
5675 20
5676 30
5677 49
5678 44
5679 12
5680 25
5681 71
5682 34
5683 91
5684 98
5685 48
5686 37
5687 24
5688 54
5689 22
5690 28
5691 42
5692 60
5693 59
5694 16
5695 61
5696 32
5697 29
5698 10
5699 49
5700 22
5701 24
5702 55
5703 13
5704 47
5705 29
5706 3
5707 29
5708 27
5709 26
5710 2
5711 29
5712 55
5713 19
5714 5
5715 52
5716 29
5717 25
5718 17
5719 55
5720 52
5721 51
5722 48
5723 74
5724 43
5725 40
5726 10
5727 44
5728 46
5729 18
5730 49
5731 57
5732 20
5733 43
5734 49
5735 51
5736 44
5737 16
5738 56
5739 62
5740 68
5741 51
5742 47
5743 23
5744 68
5745 63
5746 62
5747 32
5748 38
5749 9
5750 36
5751 41
5752 39
5753 45
5754 49
5755 9
5756 12
5757 53
5758 12
5759 64
5760 53
5761 59
5762 63
5763 33
5764 32
5765 30
5766 3
5767 2
5768 46
5769 30
5770 49
5771 48
5772 50
5773 46
5774 67
5775 21
5776 60
5777 22
5778 48
5779 59
5780 5
5781 36
5782 6
5783 37
5784 53
5785 23
5786 41
5787 33
5788 1
5789 38
5790 16
5791 14
5792 10
5793 22
5794 35
5795 36
5796 23
5797 32
5798 38
5799 8
5800 54
5801 50
5802 35
5803 56
5804 54
5805 12
5806 32
5807 59
5808 26
5809 52
5810 26
5811 27
5812 36
5813 38
5814 31
5815 5
5816 39
5817 96
5818 15
5819 43
5820 42
5821 13
5822 47
5823 48
5824 19
5825 15
5826 41
5827 47
5828 58
5829 29
5830 71
5831 44
5832 56
5833 74
5834 70
5835 9
5836 39
5837 64
5838 32
5839 63
5840 30
5841 43
5842 17
5843 6
5844 11
5845 51
5846 57
5847 29
5848 55
5849 22
5850 17
5851 28
5852 73
5853 71
5854 33
5855 63
5856 35
5857 43
5858 16
5859 14
5860 29
5861 37
5862 46
5863 57
5864 15
5865 32
5866 88
5867 76
5868 8
5869 51
5870 23
5871 7
5872 52
5873 64
5874 62
5875 59
5876 64
5877 37
5878 11
5879 59
5880 56
5881 34
5882 58
5883 15
5884 27
5885 71
5886 67
5887 44
5888 56
5889 57
5890 29
5891 52
5892 28
5893 32
5894 32
5895 5
5896 14
5897 87
5898 49
5899 57
5900 27
5901 81
5902 61
5903 50
5904 53
5905 1
5906 3
5907 28
5908 0
5909 47
5910 34
5911 38
5912 42
5913 9
5914 42
5915 5
5916 90
5917 83
5918 35
5919 43
5920 45
5921 50
5922 32
5923 5
5924 84
5925 51
5926 32
5927 1
5928 36
5929 31
5930 11
5931 34
5932 34
5933 73
5934 39
5935 32
5936 30
5937 38
5938 32
5939 7
5940 37
5941 85
5942 31
5943 64
5944 24
5945 40
5946 37
5947 58
5948 61
5949 60
5950 31
5951 71
5952 58
5953 51
5954 58
5955 60
5956 73
5957 57
5958 62
5959 16
5960 28
5961 85
5962 9
5963 99
5964 51
5965 96
5966 33
5967 30
5968 31
5969 15
5970 68
5971 28
5972 67
5973 42
5974 19
5975 50
5976 69
5977 62
5978 51
5979 51
5980 3
5981 21
5982 55
5983 67
5984 47
5985 72
5986 54
5987 39
5988 28
5989 7
5990 34
5991 11
5992 3
5993 36
5994 68
5995 35
5996 94
5997 72
5998 34
5999 27
6000 27
6001 26
6002 59
6003 29
6004 44
6005 36
6006 63
6007 7
6008 1
6009 41
6010 37
6011 3
6012 32
6013 33
6014 69
6015 27
6016 34
6017 28
6018 59
6019 31
6020 27
6021 32
6022 60
6023 52
6024 58
6025 29
6026 72
6027 33
6028 73
6029 45
6030 33
6031 22
6032 47
6033 6
6034 94
6035 2
6036 49
6037 43
6038 48
6039 4
6040 57
6041 20
6042 57
6043 53
6044 61
6045 18
6046 52
6047 15
6048 60
6049 46
6050 27
6051 26
6052 26
6053 2
6054 27
6055 58
6056 9
6057 18
6058 53
6059 35
6060 64
6061 37
6062 8
6063 32
6064 54
6065 21
6066 18
6067 50
6068 52
6069 66
6070 71
6071 45
6072 26
6073 25
6074 50
6075 47
6076 26
6077 55
6078 55
6079 66
6080 51
6081 71
6082 28
6083 46
6084 30
6085 99
6086 69
6087 29
6088 4
6089 32
6090 27
6091 26
6092 28
6093 45
6094 17
6095 40
6096 54
6097 55
6098 20
6099 25
6100 43
6101 2
6102 41
6103 66
6104 13
6105 1
6106 1
6107 0
6108 45
6109 30
6110 47
6111 50
6112 98
6113 36
6114 38
6115 51
6116 3
6117 25
6118 26
6119 27
6120 67
6121 44
6122 47
6123 45
6124 33
6125 43
6126 15
6127 40
6128 73
6129 44
6130 27
6131 54
6132 0
6133 19
6134 17
6135 39
6136 17
6137 48
6138 6
6139 12
6140 36
6141 14
6142 45
6143 32
6144 88
6145 25
6146 38
6147 39
6148 24
6149 15
6150 37
6151 92
6152 35
6153 38
6154 10
6155 12
6156 21
6157 29
6158 51
6159 31
6160 28
6161 41
6162 47
6163 50
6164 51
6165 54
6166 54
6167 31
6168 53
6169 66
6170 40
6171 27
6172 31
6173 9
6174 25
6175 30
6176 36
6177 26
6178 37
6179 38
6180 5
6181 41
6182 38
6183 45
6184 42
6185 13
6186 7
6187 4
6188 47
6189 62
6190 8
6191 65
6192 27
6193 7
6194 55
6195 17
6196 94
6197 46
6198 13
6199 64
6200 55
6201 58
6202 35
6203 0
6204 63
6205 28
6206 55
6207 55
6208 11
6209 58
6210 58
6211 18
6212 86
6213 49
6214 30
6215 7
6216 30
6217 35
6218 69
6219 17
6220 26
6221 59
6222 7
6223 0
6224 40
6225 45
6226 12
6227 28
6228 52
6229 58
6230 38
6231 39
6232 31
6233 60
6234 64
6235 29
6236 29
6237 54
6238 26
6239 27
6240 34
6241 31
6242 31
6243 40
6244 35
6245 40
6246 59
6247 34
6248 6
6249 38
6250 36
6251 33
6252 74
6253 72
6254 34
6255 43
6256 69
6257 1
6258 60
6259 6
6260 54
6261 40
6262 49
6263 16
6264 69
6265 63
6266 60
6267 59
6268 48
6269 15
6270 48
6271 95
6272 29
6273 29
6274 40
6275 56
6276 55
6277 52
6278 18
6279 25
6280 49
6281 68
6282 65
6283 76
6284 41
6285 21
6286 50
6287 51
6288 88
6289 36
6290 18
6291 15
6292 44
6293 52
6294 26
6295 2
6296 53
6297 59
6298 59
6299 64
6300 60
6301 62
6302 38
6303 58
6304 21
6305 51
6306 89
6307 34
6308 47
6309 10
6310 65
6311 74
6312 37
6313 89
6314 17
6315 25
6316 22
6317 71
6318 69
6319 14
6320 43
6321 9
6322 10
6323 27
6324 25
6325 25
6326 25
6327 67
6328 58
6329 59
6330 51
6331 1
6332 49
6333 56
6334 41
6335 32
6336 67
6337 69
6338 18
6339 51
6340 58
6341 0
6342 28
6343 43
6344 49
6345 38
6346 17
6347 34
6348 57
6349 39
6350 31
6351 33
6352 7
6353 40
6354 16
6355 11
6356 53
6357 55
6358 49
6359 51
6360 49
6361 62
6362 72
6363 15
6364 43
6365 4
6366 42
6367 44
6368 48
6369 18
6370 21
6371 47
6372 1
6373 3
6374 87
6375 8
6376 83
6377 24
6378 60
6379 0
6380 62
6381 16
6382 50
6383 20
6384 35
6385 14
6386 4
6387 41
6388 34
6389 39
6390 25
6391 29
6392 56
6393 40
6394 17
6395 8
6396 10
6397 35
6398 23
6399 35
6400 20
6401 1
6402 4
6403 38
6404 67
6405 34
6406 36
6407 58
6408 44
6409 46
6410 7
6411 2
6412 31
6413 65
6414 89
6415 66
6416 55
6417 15
6418 26
6419 30
6420 29
6421 27
6422 5
6423 28
6424 46
6425 47
6426 20
6427 20
6428 9
6429 40
6430 40
6431 40
6432 18
6433 7
6434 15
6435 49
6436 54
6437 60
6438 0
6439 65
6440 54
6441 3
6442 9
6443 35
6444 14
6445 37
6446 68
6447 58
6448 50
6449 45
6450 32
6451 35
6452 96
6453 3
6454 26
6455 15
6456 33
6457 28
6458 37
6459 41
6460 31
6461 3
6462 25
6463 18
6464 18
6465 32
6466 40
6467 49
6468 44
6469 24
6470 45
6471 81
6472 6
6473 66
6474 12
6475 75
6476 56
6477 86
6478 10
6479 85
6480 32
6481 7
6482 32
6483 93
6484 40
6485 8
6486 41
6487 37
6488 16
6489 27
6490 67
6491 1
6492 38
6493 44
6494 42
6495 32
6496 5
6497 57
6498 57
6499 34
6500 7
6501 29
6502 45
6503 38
6504 32
6505 27
6506 41
6507 41
6508 25
6509 42
6510 42
6511 44
6512 1
6513 39
6514 36
6515 43
6516 63
6517 56
6518 40
6519 28
6520 25
6521 1
6522 1
6523 50
6524 47
6525 9
6526 16
6527 58
6528 2
6529 79
6530 4
6531 55
6532 56
6533 40
6534 18
6535 26
6536 19
6537 25
6538 62
6539 69
6540 29
6541 23
6542 48
6543 50
6544 47
6545 11
6546 42
6547 21
6548 20
6549 24
6550 22
6551 36
6552 71
6553 29
6554 64
6555 61
6556 33
6557 31
6558 39
6559 11
6560 32
6561 49
6562 8
6563 10
6564 39
6565 18
6566 31
6567 39
6568 49
6569 57
6570 0
6571 19
6572 70
6573 63
6574 37
6575 74
6576 64
6577 52
6578 78
6579 20
6580 18
6581 25
6582 13
6583 52
6584 11
6585 52
6586 58
6587 59
6588 86
6589 43
6590 41
6591 30
6592 32
6593 33
6594 96
6595 51
6596 21
6597 46
6598 38
6599 9
6600 39
6601 35
6602 60
6603 37
6604 63
6605 68
6606 58
6607 0
6608 54
6609 20
6610 51
6611 53
6612 14
6613 61
6614 51
6615 41
6616 15
6617 33
6618 51
6619 53
6620 38
6621 39
6622 37
6623 1
6624 69
6625 13
6626 49
6627 3
6628 80
6629 53
6630 47
6631 37
6632 41
6633 48
6634 10
6635 37
6636 54
6637 22
6638 28
6639 34
6640 29
6641 36
6642 32
6643 31
6644 31
6645 9
6646 1
6647 62
6648 50
6649 58
6650 59
6651 1
6652 24
6653 73
6654 44
6655 62
6656 48
6657 60
6658 25
6659 31
6660 6
6661 4
6662 35
6663 32
6664 28
6665 38
6666 44
6667 12
6668 0
6669 43
6670 38
6671 10
6672 37
6673 35
6674 18
6675 7
6676 34
6677 37
6678 37
6679 3
6680 41
6681 49
6682 27
6683 56
6684 48
6685 79
6686 54
6687 21
6688 74
6689 79
6690 49
6691 38
6692 8
6693 15
6694 43
6695 32
6696 37
6697 10
6698 54
6699 47
6700 14
6701 8
6702 0
6703 14
6704 72
6705 53
6706 10
6707 52
6708 60
6709 47
6710 17
6711 39
6712 41
6713 65
6714 58
6715 17
6716 26
6717 20
6718 14
6719 78
6720 94
6721 39
6722 0
6723 37
6724 84
6725 57
6726 43
6727 31
6728 15
6729 66
6730 69
6731 12
6732 44
6733 15
6734 67
6735 44
6736 92
6737 22
6738 18
6739 33
6740 1
6741 23
6742 30
6743 53
6744 68
6745 38
6746 29
6747 41
6748 8
6749 5
6750 53
6751 41
6752 26
6753 43
6754 10
6755 11
6756 63
6757 83
6758 33
6759 30
6760 42
6761 14
6762 15
6763 41
6764 12
6765 0
6766 8
6767 26
6768 94
6769 15
6770 32
6771 67
6772 72
6773 8
6774 47
6775 13
6776 26
6777 48
6778 35
6779 13
6780 36
6781 38
6782 38
6783 3
6784 71
6785 27
6786 27
6787 8
6788 30
6789 19
6790 81
6791 43
6792 70
6793 47
6794 52
6795 20
6796 31
6797 20
6798 18
6799 27
6800 55
6801 60
6802 62
6803 37
6804 41
6805 11
6806 15
6807 15
6808 44
6809 12
6810 6
6811 39
6812 26
6813 30
6814 60
6815 39
6816 1
6817 25
6818 38
6819 67
6820 4
6821 26
6822 28
6823 19
6824 19
6825 21
6826 29
6827 30
6828 5
6829 55
6830 0
6831 14
6832 71
6833 7
6834 72
6835 19
6836 59
6837 55
6838 59
6839 29
6840 33
6841 34
6842 3
6843 59
6844 12
6845 58
6846 55
6847 67
6848 39
6849 54
6850 49
6851 65
6852 55
6853 60
6854 47
6855 49
6856 52
6857 28
6858 27
6859 45
6860 20
6861 21
6862 49
6863 54
6864 3
6865 1
6866 35
6867 23
6868 5
6869 5
6870 40
6871 41
6872 7
6873 13
6874 52
6875 58
6876 57
6877 57
6878 41
6879 32
6880 57
6881 27
6882 31
6883 15
6884 33
6885 35
6886 60
6887 59
6888 70
6889 62
6890 36
6891 47
6892 38
6893 16
6894 43
6895 43
6896 42
6897 13
6898 5
6899 61
6900 64
6901 13
6902 45
6903 41
6904 26
6905 22
6906 21
6907 20
6908 24
6909 63
6910 58
6911 18
6912 39
6913 64
6914 30
6915 43
6916 32
6917 28
6918 54
6919 7
6920 52
6921 65
6922 22
6923 71
6924 41
6925 43
6926 31
6927 16
6928 33
6929 34
6930 23
6931 41
6932 41
6933 96
6934 28
6935 46
6936 3
6937 20
6938 4
6939 70
6940 35
6941 46
6942 33
6943 17
6944 64
6945 61
6946 0
6947 6
6948 64
6949 63
6950 59
6951 12
6952 6
6953 27
6954 16
6955 42
6956 17
6957 3
6958 90
6959 95
6960 6
6961 32
6962 32
6963 31
6964 30
6965 51
6966 31
6967 53
6968 46
6969 16
6970 27
6971 69
6972 24
6973 5
6974 37
6975 8
6976 33
6977 2
6978 49
6979 83
6980 73
6981 29
6982 50
6983 29
6984 24
6985 30
6986 46
6987 34
6988 51
6989 27
6990 27
6991 51
6992 61
6993 24
6994 55
6995 0
6996 59
6997 56
6998 58
6999 29
7000 52
7001 87
7002 56
7003 66
7004 39
7005 36
7006 53
7007 35
7008 6
7009 50
7010 53
7011 49
7012 15
7013 35
7014 7
7015 8
7016 97
7017 73
7018 45
7019 13
7020 22
7021 49
7022 37
7023 12
7024 20
7025 19
7026 30
7027 20
7028 34
7029 35
7030 36
7031 53
7032 44
7033 97
7034 39
7035 19
7036 24
7037 46
7038 20
7039 38
7040 74
7041 15
7042 50
7043 0
7044 37
7045 24
7046 64
7047 1
7048 61
7049 59
7050 51
7051 14
7052 44
7053 57
7054 76
7055 35
7056 38
7057 36
7058 42
7059 32
7060 9
7061 34
7062 25
7063 3
7064 30
7065 9
7066 42
7067 48
7068 18
7069 44
7070 10
7071 38
7072 33
7073 5
7074 8
7075 60
7076 66
7077 20
7078 53
7079 24
7080 70
7081 45
7082 30
7083 51
7084 73
7085 68
7086 58
7087 33
7088 47
7089 29
7090 53
7091 19
7092 44
7093 41
7094 55
7095 46
7096 33
7097 7
7098 65
7099 32
7100 33
7101 67
7102 14
7103 66
7104 43
7105 39
7106 47
7107 9
7108 12
7109 1
7110 22
7111 29
7112 42
7113 19
7114 29
7115 2
7116 39
7117 46
7118 86
7119 43
7120 47
7121 19
7122 39
7123 19
7124 31
7125 43
7126 39
7127 31
7128 41
7129 22
7130 50
7131 39
7132 7
7133 37
7134 98
7135 71
7136 61
7137 55
7138 57
7139 47
7140 32
7141 0
7142 29
7143 32
7144 14
7145 32
7146 34
7147 14
7148 27
7149 87
7150 28
7151 93
7152 55
7153 59
7154 54
7155 26
7156 9
7157 2
7158 55
7159 58
7160 58
7161 4
7162 46
7163 69
7164 5
7165 55
7166 59
7167 51
7168 12
7169 63
7170 31
7171 3
7172 46
7173 32
7174 17
7175 20
7176 40
7177 42
7178 20
7179 14
7180 6
7181 17
7182 66
7183 31
7184 61
7185 1
7186 84
7187 59
7188 28
7189 72
7190 25
7191 34
7192 32
7193 32
7194 60
7195 63
7196 40
7197 7
7198 4
7199 45
7200 13
7201 36
7202 44
7203 58
7204 3
7205 69
7206 61
7207 71
7208 66
7209 41
7210 52
7211 52
7212 51
7213 69
7214 29
7215 39
7216 19
7217 32
7218 10
7219 53
7220 25
7221 3
7222 31
7223 26
7224 30
7225 17
7226 35
7227 34
7228 2
7229 49
7230 63
7231 54
7232 25
7233 40
7234 42
7235 43
7236 5
7237 12
7238 38
7239 12
7240 82
7241 14
7242 47
7243 50
7244 80
7245 68
7246 78
7247 51
7248 20
7249 16
7250 41
7251 40
7252 42
7253 10
7254 14
7255 15
7256 17
7257 65
7258 16
7259 12
7260 57
7261 54
7262 58
7263 58
7264 7
7265 42
7266 6
7267 5
7268 9
7269 1
7270 48
7271 46
7272 44
7273 37
7274 28
7275 35
7276 13
7277 69
7278 63
7279 25
7280 35
7281 23
7282 69
7283 31
7284 28
7285 22
7286 42
7287 23
7288 31
7289 2
7290 3
7291 64
7292 10
7293 73
7294 28
7295 45
7296 14
7297 25
7298 45
7299 47
7300 10
7301 7
7302 43
7303 45
7304 47
7305 21
7306 17
7307 49
7308 36
7309 2
7310 7
7311 1
7312 71
7313 32
7314 56
7315 37
7316 28
7317 52
7318 44
7319 19
7320 12
7321 13
7322 33
7323 29
7324 53
7325 51
7326 56
7327 18
7328 50
7329 49
7330 56
7331 28
7332 59
7333 31
7334 12
7335 9
7336 56
7337 54
7338 44
7339 47
7340 59
7341 35
7342 37
7343 15
7344 60
7345 57
7346 30
7347 7
7348 21
7349 43
7350 59
7351 49
7352 61
7353 55
7354 21
7355 62
7356 54
7357 48
7358 27
7359 93
7360 13
7361 25
7362 5
7363 26
7364 1
7365 26
7366 58
7367 62
7368 34
7369 23
7370 48
7371 39
7372 46
7373 17
7374 45
7375 71
7376 63
7377 42
7378 62
7379 42
7380 42
7381 53
7382 45
7383 49
7384 22
7385 60
7386 63
7387 38
7388 40
7389 27
7390 9
7391 25
7392 2
7393 25
7394 61
7395 17
7396 62
7397 0
7398 72
7399 64
7400 5
7401 71
7402 64
7403 60
7404 30
7405 19
7406 70
7407 25
7408 49
7409 34
7410 26
7411 58
7412 57
7413 62
7414 54
7415 38
7416 43
7417 32
7418 9
7419 43
7420 39
7421 69
7422 75
7423 32
7424 50
7425 53
7426 59
7427 24
7428 7
7429 0
7430 59
7431 92
7432 12
7433 11
7434 48
7435 6
7436 27
7437 18
7438 49
7439 18
7440 35
7441 32
7442 43
7443 73
7444 90
7445 83
7446 4
7447 13
7448 9
7449 13
7450 48
7451 63
7452 27
7453 93
7454 48
7455 70
7456 52
7457 57
7458 49
7459 0
7460 47
7461 23
7462 62
7463 4
7464 6
7465 32
7466 34
7467 37
7468 91
7469 41
7470 17
7471 2
7472 38
7473 19
7474 18
7475 43
7476 15
7477 28
7478 11
7479 63
7480 11
7481 51
7482 80
7483 52
7484 47
7485 41
7486 40
7487 38
7488 28
7489 36
7490 9
7491 4
7492 6
7493 87
7494 54
7495 71
7496 27
7497 53
7498 59
7499 26
7500 26
7501 57
7502 58
7503 26
7504 53
7505 38
7506 31
7507 37
7508 34
7509 35
7510 45
7511 27
7512 6
7513 6
7514 52
7515 54
7516 37
7517 9
7518 36
7519 0
7520 73
7521 0
7522 37
7523 1
7524 65
7525 65
7526 5
7527 53
7528 64
7529 58
7530 24
7531 31
7532 66
7533 46
7534 43
7535 19
7536 31
7537 57
7538 30
7539 57
7540 24
7541 30
7542 38
7543 38
7544 31
7545 39
7546 19
7547 35
7548 35
7549 24
7550 16
7551 61
7552 36
7553 46
7554 20
7555 22
7556 16
7557 72
7558 77
7559 5
7560 71
7561 46
7562 16
7563 45
7564 44
7565 49
7566 35
7567 27
7568 49
7569 45
7570 63
7571 31
7572 36
7573 24
7574 22
7575 24
7576 75
7577 42
7578 59
7579 27
7580 44
7581 11
7582 45
7583 43
7584 17
7585 30
7586 0
7587 2
7588 57
7589 49
7590 32
7591 36
7592 40
7593 33
7594 0
7595 26
7596 19
7597 40
7598 17
7599 7
7600 47
7601 35
7602 0
7603 10
7604 36
7605 44
7606 17
7607 58
7608 16
7609 7
7610 41
7611 16
7612 17
7613 22
7614 43
7615 37
7616 38
7617 12
7618 17
7619 28
7620 15
7621 43
7622 26
7623 43
7624 31
7625 32
7626 31
7627 31
7628 58
7629 7
7630 33
7631 29
7632 6
7633 5
7634 12
7635 32
7636 8
7637 36
7638 36
7639 38
7640 7
7641 50
7642 15
7643 46
7644 38
7645 64
7646 65
7647 68
7648 15
7649 54
7650 34
7651 51
7652 53
7653 54
7654 3
7655 39
7656 1
7657 9
7658 41
7659 41
7660 55
7661 6
7662 61
7663 24
7664 4
7665 95
7666 36
7667 45
7668 15
7669 18
7670 16
7671 44
7672 42
7673 10
7674 31
7675 36
7676 7
7677 53
7678 32
7679 53
7680 68
7681 31
7682 58
7683 1
7684 73
7685 78
7686 74
7687 42
7688 41
7689 47
7690 8
7691 17
7692 6
7693 61
7694 15
7695 61
7696 65
7697 39
7698 21
7699 69
7700 36
7701 57
7702 35
7703 40
7704 50
7705 39
7706 5
7707 5
7708 35
7709 20
7710 21
7711 40
7712 29
7713 42
7714 16
7715 61
7716 68
7717 32
7718 8
7719 12
7720 37
7721 16
7722 74
7723 73
7724 20
7725 34
7726 44
7727 42
7728 42
7729 39
7730 25
7731 30
7732 59
7733 33
7734 42
7735 56
7736 45
7737 44
7738 24
7739 44
7740 58
7741 56
7742 24
7743 64
7744 28
7745 5
7746 62
7747 19
7748 33
7749 1
7750 33
7751 39
7752 9
7753 3
7754 44
7755 65
7756 70
7757 69
7758 65
7759 68
7760 76
7761 68
7762 40
7763 41
7764 9
7765 26
7766 65
7767 65
7768 62
7769 31
7770 60
7771 7
7772 10
7773 36
7774 65
7775 10
7776 54
7777 57
7778 34
7779 31
7780 32
7781 36
7782 38
7783 69
7784 63
7785 51
7786 12
7787 45
7788 67
7789 68
7790 71
7791 45
7792 46
7793 35
7794 54
7795 27
7796 72
7797 84
7798 41
7799 45
7800 9
7801 8
7802 90
7803 50
7804 76
7805 16
7806 29
7807 28
7808 65
7809 66
7810 69
7811 30
7812 55
7813 13
7814 44
7815 15
7816 32
7817 6
7818 1
7819 31
7820 56
7821 17
7822 18
7823 19
7824 50
7825 29
7826 17
7827 25
7828 64
7829 52
7830 59
7831 17
7832 27
7833 5
7834 26
7835 50
7836 51
7837 51
7838 18
7839 49
7840 34
7841 34
7842 32
7843 33
7844 36
7845 47
7846 52
7847 47
7848 51
7849 11
7850 51
7851 69
7852 69
7853 45
7854 24
7855 22
7856 48
7857 22
7858 57
7859 73
7860 21
7861 37
7862 16
7863 12
7864 50
7865 16
7866 61
7867 65
7868 63
7869 27
7870 24
7871 8
7872 59
7873 57
7874 54
7875 21
7876 1
7877 27
7878 68
7879 74
7880 72
7881 37
7882 41
7883 12
7884 71
7885 68
7886 41
7887 93
7888 80
7889 39
7890 36
7891 71
7892 70
7893 42
7894 30
7895 4
7896 48
7897 26
7898 48
7899 25
7900 71
7901 8
7902 10
7903 59
7904 50
7905 1
7906 54
7907 54
7908 35
7909 29
7910 47
7911 56
7912 19
7913 49
7914 48
7915 2
7916 77
7917 16
7918 83
7919 5
7920 52
7921 26
7922 50
7923 57
7924 6
7925 57
7926 29
7927 59
7928 30
7929 33
7930 73
7931 40
7932 71
7933 55
7934 55
7935 66
7936 39
7937 57
7938 65
7939 6
7940 28
7941 33
7942 41
7943 3
7944 41
7945 36
7946 43
7947 29
7948 46
7949 31
7950 49
7951 64
7952 1
7953 48
7954 39
7955 10
7956 42
7957 41
7958 45
7959 41
7960 20
7961 19
7962 48
7963 50
7964 15
7965 21
7966 61
7967 9
7968 2
7969 38
7970 2
7971 18
7972 40
7973 37
7974 15
7975 5
7976 74
7977 85
7978 82
7979 32
7980 32
7981 57
7982 12
7983 3
7984 74
7985 91
7986 50
7987 41
7988 0
7989 12
7990 43
7991 2
7992 80
7993 41
7994 39
7995 29
7996 32
7997 30
7998 28
7999 61
8000 5
8001 47
8002 9
8003 47
8004 30
8005 6
8006 82
8007 72
8008 37
8009 23
8010 76
8011 60
8012 11
8013 55
8014 8
8015 32
8016 29
8017 25
8018 36
8019 7
8020 50
8021 91
8022 44
8023 30
8024 62
8025 43
8026 65
8027 61
8028 8
8029 45
8030 56
8031 8
8032 9
8033 52
8034 27
8035 62
8036 64
8037 43
8038 50
8039 19
8040 32
8041 11
8042 9
8043 0
8044 60
8045 61
8046 49
8047 54
8048 26
8049 53
8050 15
8051 63
8052 61
8053 46
8054 50
8055 29
8056 5
8057 7
8058 43
8059 38
8060 37
8061 2
8062 36
8063 31
8064 31
8065 5
8066 6
8067 30
8068 60
8069 28
8070 52
8071 26
8072 45
8073 11
8074 59
8075 52
8076 64
8077 66
8078 14
8079 23
8080 65
8081 9
8082 19
8083 46
8084 19
8085 13
8086 50
8087 38
8088 14
8089 11
8090 36
8091 38
8092 38
8093 48
8094 82
8095 1
8096 56
8097 41
8098 51
8099 18
8100 36
8101 34
8102 19
8103 45
8104 43
8105 33
8106 10
8107 33
8108 6
8109 19
8110 51
8111 59
8112 62
8113 57
8114 73
8115 15
8116 53
8117 3
8118 71
8119 50
8120 42
8121 39
8122 67
8123 14
8124 51
8125 52
8126 31
8127 41
8128 1
8129 54
8130 28
8131 70
8132 9
8133 19
8134 24
8135 25
8136 25
8137 62
8138 46
8139 29
8140 13
8141 70
8142 68
8143 31
8144 35
8145 74
8146 2
8147 46
8148 52
8149 37
8150 55
8151 52
8152 52
8153 37
8154 50
8155 48
8156 30
8157 19
8158 55
8159 85
8160 42
8161 86
8162 36
8163 37
8164 26
8165 19
8166 25
8167 3
8168 18
8169 63
8170 62
8171 27
8172 54
8173 32
8174 28
8175 73
8176 94
8177 70
8178 69
8179 44
8180 18
8181 4
8182 23
8183 91
8184 50
8185 49
8186 26
8187 23
8188 49
8189 37
8190 8
8191 19
8192 35
8193 19
8194 46
8195 20
8196 38
8197 71
8198 4
8199 55
8200 55
8201 56
8202 61
8203 62
8204 63
8205 38
8206 67
8207 8
8208 39
8209 75
8210 15
8211 32
8212 38
8213 30
8214 35
8215 36
8216 37
8217 32
8218 34
8219 34
8220 67
8221 18
8222 0
8223 64
8224 57
8225 31
8226 37
8227 33
8228 56
8229 26
8230 22
8231 42
8232 46
8233 27
8234 12
8235 32
8236 24
8237 1
8238 28
8239 50
8240 54
8241 13
8242 53
8243 45
8244 31
8245 27
8246 31
8247 14
8248 97
8249 84
8250 36
8251 99
8252 53
8253 25
8254 18
8255 56
8256 33
8257 63
8258 58
8259 59
8260 56
8261 74
8262 36
8263 59
8264 8
8265 4
8266 36
8267 7
8268 64
8269 2
8270 70
8271 58
8272 22
8273 67
8274 41
8275 72
8276 47
8277 47
8278 44
8279 27
8280 60
8281 69
8282 14
8283 39
8284 31
8285 52
8286 28
8287 52
8288 17
8289 55
8290 33
8291 37
8292 46
8293 2
8294 13
8295 37
8296 13
8297 41
8298 4
8299 1
8300 61
8301 6
8302 8
8303 85
8304 77
8305 73
8306 74
8307 35
8308 40
8309 40
8310 60
8311 40
8312 40
8313 24
8314 98
8315 97
8316 54
8317 26
8318 73
8319 37
8320 19
8321 47
8322 48
8323 42
8324 17
8325 20
8326 34
8327 70
8328 57
8329 55
8330 10
8331 58
8332 14
8333 19
8334 55
8335 14
8336 8
8337 40
8338 1
8339 26
8340 92
8341 70
8342 65
8343 21
8344 53
8345 35
8346 35
8347 25
8348 9
8349 39
8350 37
8351 14
8352 49
8353 25
8354 38
8355 43
8356 31
8357 30
8358 97
8359 32
8360 49
8361 2
8362 42
8363 34
8364 7
8365 48
8366 12
8367 15
8368 62
8369 59
8370 20
8371 55
8372 55
8373 72
8374 23
8375 58
8376 15
8377 0
8378 60
8379 36
8380 11
8381 1
8382 59
8383 71
8384 73
8385 35
8386 34
8387 59
8388 11
8389 74
8390 34
8391 34
8392 32
8393 41
8394 27
8395 59
8396 25
8397 84
8398 10
8399 46
8400 15
8401 15
8402 40
8403 17
8404 28
8405 44
8406 5
8407 37
8408 37
8409 36
8410 33
8411 46
8412 44
8413 3
8414 36
8415 51
8416 65
8417 50
8418 70
8419 72
8420 86
8421 43
8422 3
8423 59
8424 22
8425 40
8426 39
8427 60
8428 4
8429 23
8430 26
8431 46
8432 60
8433 54
8434 3
8435 15
8436 26
8437 45
8438 42
8439 52
8440 11
8441 35
8442 93
8443 73
8444 74
8445 66
8446 80
8447 17
8448 83
8449 68
8450 86
8451 58
8452 27
8453 47
8454 71
8455 13
8456 23
8457 20
8458 21
8459 46
8460 48
8461 44
8462 10
8463 21
8464 31
8465 41
8466 48
8467 10
8468 12
8469 44
8470 25
8471 38
8472 86
8473 70
8474 50
8475 33
8476 32
8477 7
8478 56
8479 37
8480 76
8481 65
8482 60
8483 16
8484 42
8485 2
8486 66
8487 39
8488 0
8489 9
8490 4
8491 37
8492 26
8493 30
8494 33
8495 22
8496 26
8497 33
8498 9
8499 10
8500 34
8501 95
8502 53
8503 4
8504 49
8505 16
8506 7
8507 48
8508 23
8509 35
8510 52
8511 60
8512 58
8513 17
8514 60
8515 54
8516 34
8517 24
8518 25
8519 35
8520 31
8521 28
8522 59
8523 30
8524 13
8525 58
8526 19
8527 92
8528 14
8529 90
8530 51
8531 22
8532 22
8533 25
8534 54
8535 0
8536 23
8537 19
8538 31
8539 46
8540 43
8541 53
8542 16
8543 12
8544 30
8545 35
8546 41
8547 18
8548 25
8549 51
8550 14
8551 56
8552 28
8553 29
8554 27
8555 47
8556 16
8557 6
8558 53
8559 15
8560 18
8561 52
8562 56
8563 58
8564 55
8565 5
8566 44
8567 37
8568 59
8569 5
8570 43
8571 62
8572 6
8573 9
8574 28
8575 54
8576 11
8577 42
8578 39
8579 11
8580 38
8581 15
8582 17
8583 20
8584 25
8585 54
8586 57
8587 25
8588 0
8589 35
8590 2
8591 58
8592 27
8593 55
8594 2
8595 94
8596 36
8597 27
8598 16
8599 2
8600 1
8601 52
8602 17
8603 39
8604 62
8605 55
8606 23
8607 26
8608 59
8609 52
8610 35
8611 66
8612 32
8613 77
8614 57
8615 20
8616 86
8617 39
8618 36
8619 6
8620 45
8621 5
8622 50
8623 51
8624 12
8625 65
8626 12
8627 70
8628 62
8629 48
8630 47
8631 42
8632 31
8633 49
8634 11
8635 57
8636 33
8637 30
8638 63
8639 19
8640 52
8641 32
8642 29
8643 29
8644 43
8645 67
8646 57
8647 49
8648 29
8649 74
8650 14
8651 93
8652 9
8653 68
8654 48
8655 38
8656 58
8657 17
8658 22
8659 43
8660 26
8661 26
8662 1
8663 43
8664 7
8665 9
8666 60
8667 62
8668 53
8669 50
8670 60
8671 21
8672 4
8673 29
8674 55
8675 14
8676 95
8677 84
8678 29
8679 56
8680 57
8681 26
8682 38
8683 38
8684 36
8685 21
8686 23
8687 21
8688 40
8689 73
8690 50
8691 41
8692 0
8693 65
8694 49
8695 61
8696 26
8697 53
8698 71
8699 60
8700 37
8701 13
8702 19
8703 25
8704 23
8705 28
8706 40
8707 1
8708 55
8709 41
8710 64
8711 62
8712 18
8713 59
8714 57
8715 16
8716 67
8717 44
8718 21
8719 59
8720 41
8721 29
8722 69
8723 39
8724 61
8725 58
8726 28
8727 43
8728 65
8729 13
8730 48
8731 69
8732 10
8733 17
8734 10
8735 28
8736 24
8737 36
8738 4
8739 34
8740 53
8741 99
8742 51
8743 68
8744 28
8745 26
8746 27
8747 1
8748 15
8749 53
8750 80
8751 33
8752 34
8753 4
8754 66
8755 86
8756 82
8757 17
8758 27
8759 3
8760 27
8761 44
8762 46
8763 34
8764 24
8765 46
8766 32
8767 45
8768 48
8769 10
8770 48
8771 36
8772 43
8773 16
8774 33
8775 17
8776 29
8777 60
8778 71
8779 55
8780 31
8781 42
8782 4
8783 43
8784 40
8785 12
8786 12
8787 50
8788 30
8789 39
8790 22
8791 24
8792 28
8793 56
8794 30
8795 59
8796 1
8797 7
8798 56
8799 60
8800 19
8801 69
8802 9
8803 30
8804 62
8805 5
8806 51
8807 25
8808 67
8809 22
8810 41
8811 11
8812 67
8813 1
8814 33
8815 57
8816 27
8817 49
8818 54
8819 15
8820 53
8821 53
8822 51
8823 37
8824 37
8825 13
8826 12
8827 35
8828 39
8829 1
8830 38
8831 44
8832 31
8833 4
8834 9
8835 46
8836 4
8837 30
8838 72
8839 50
8840 44
8841 69
8842 15
8843 56
8844 29
8845 7
8846 55
8847 43
8848 11
8849 9
8850 7
8851 29
8852 44
8853 2
8854 11
8855 3
8856 13
8857 13
8858 37
8859 35
8860 39
8861 58
8862 33
8863 29
8864 55
8865 10
8866 55
8867 39
8868 5
8869 13
8870 13
8871 39
8872 36
8873 10
8874 79
8875 6
8876 44
8877 42
8878 30
8879 20
8880 70
8881 14
8882 43
8883 9
8884 13
8885 37
8886 39
8887 43
8888 0
8889 51
8890 33
8891 65
8892 24
8893 51
8894 49
8895 42
8896 40
8897 15
8898 34
8899 97
8900 68
8901 36
8902 38
8903 8
8904 59
8905 14
8906 49
8907 46
8908 46
8909 24
8910 19
8911 20
8912 60
8913 3
8914 48
8915 20
8916 62
8917 57
8918 44
8919 13
8920 16
8921 11
8922 77
8923 81
8924 77
8925 35
8926 30
8927 49
8928 60
8929 11
8930 26
8931 25
8932 37
8933 12
8934 24
8935 16
8936 48
8937 32
8938 53
8939 50
8940 74
8941 38
8942 46
8943 19
8944 25
8945 4
8946 50
8947 38
8948 19
8949 69
8950 59
8951 60
8952 27
8953 28
8954 43
8955 52
8956 51
8957 29
8958 42
8959 17
8960 60
8961 71
8962 15
8963 80
8964 56
8965 24
8966 21
8967 53
8968 17
8969 47
8970 17
8971 15
8972 15
8973 52
8974 50
8975 64
8976 32
8977 13
8978 51
8979 69
8980 30
8981 50
8982 29
8983 10
8984 99
8985 5
8986 36
8987 34
8988 18
8989 7
8990 44
8991 69
8992 54
8993 6
8994 67
8995 13
8996 8
8997 66
8998 60
8999 4
9000 45
9001 19
9002 40
9003 31
9004 37
9005 14
9006 3
9007 31
9008 5
9009 72
9010 12
9011 45
9012 32
9013 49
9014 13
9015 24
9016 26
9017 25
9018 61
9019 43
9020 0
9021 50
9022 94
9023 96
9024 57
9025 95
9026 52
9027 9
9028 71
9029 24
9030 1
9031 60
9032 31
9033 51
9034 10
9035 46
9036 12
9037 49
9038 46
9039 16
9040 34
9041 68
9042 37
9043 44
9044 14
9045 17
9046 16
9047 59
9048 49
9049 25
9050 67
9051 45
9052 18
9053 47
9054 61
9055 54
9056 58
9057 45
9058 51
9059 32
9060 32
9061 50
9062 52
9063 52
9064 1
9065 52
9066 51
9067 30
9068 34
9069 0
9070 2
9071 54
9072 48
9073 42
9074 4
9075 11
9076 29
9077 45
9078 47
9079 48
9080 17
9081 14
9082 34
9083 10
9084 9
9085 7
9086 14
9087 26
9088 0
9089 2
9090 70
9091 66
9092 32
9093 33
9094 14
9095 49
9096 90
9097 46
9098 95
9099 18
9100 31
9101 24
9102 20
9103 48
9104 26
9105 28
9106 0
9107 24
9108 27
9109 38
9110 7
9111 82
9112 49
9113 60
9114 70
9115 39
9116 37
9117 37
9118 35
9119 79
9120 55
9121 94
9122 48
9123 23
9124 96
9125 66
9126 67
9127 1
9128 38
9129 67
9130 52
9131 55
9132 32
9133 31
9134 76
9135 24
9136 59
9137 24
9138 57
9139 14
9140 47
9141 43
9142 64
9143 5
9144 57
9145 5
9146 59
9147 40
9148 19
9149 22
9150 43
9151 20
9152 30
9153 25
9154 21
9155 25
9156 39
9157 8
9158 37
9159 8
9160 35
9161 37
9162 7
9163 69
9164 32
9165 10
9166 59
9167 14
9168 55
9169 45
9170 20
9171 52
9172 50
9173 20
9174 69
9175 24
9176 26
9177 11
9178 33
9179 27
9180 58
9181 31
9182 77
9183 46
9184 13
9185 50
9186 49
9187 10
9188 52
9189 43
9190 26
9191 59
9192 58
9193 65
9194 57
9195 75
9196 59
9197 89
9198 4
9199 52
9200 14
9201 15
9202 57
9203 15
9204 56
9205 62
9206 24
9207 22
9208 79
9209 3
9210 42
9211 12
9212 10
9213 20
9214 7
9215 13
9216 48
9217 50
9218 30
9219 41
9220 26
9221 31
9222 12
9223 12
9224 44
9225 21
9226 57
9227 39
9228 57
9229 94
9230 23
9231 36
9232 69
9233 56
9234 67
9235 59
9236 9
9237 60
9238 55
9239 73
9240 14
9241 59
9242 22
9243 47
9244 54
9245 70
9246 74
9247 55
9248 0
9249 40
9250 15
9251 13
9252 41
9253 38
9254 70
9255 24
9256 53
9257 16
9258 15
9259 7
9260 24
9261 7
9262 21
9263 28
9264 23
9265 3
9266 38
9267 10
9268 10
9269 58
9270 19
9271 48
9272 17
9273 34
9274 20
9275 30
9276 54
9277 22
9278 30
9279 55
9280 58
9281 50
9282 17
9283 42
9284 11
9285 14
9286 29
9287 45
9288 15
9289 20
9290 43
9291 30
9292 31
9293 35
9294 5
9295 31
9296 35
9297 40
9298 65
9299 14
9300 27
9301 47
9302 13
9303 6
9304 26
9305 69
9306 6
9307 53
9308 84
9309 51
9310 18
9311 26
9312 28
9313 18
9314 40
9315 30
9316 17
9317 20
9318 49
9319 46
9320 23
9321 75
9322 47
9323 10
9324 46
9325 32
9326 23
9327 40
9328 54
9329 50
9330 48
9331 67
9332 11
9333 37
9334 31
9335 64
9336 2
9337 26
9338 28
9339 56
9340 34
9341 27
9342 32
9343 1
9344 38
9345 43
9346 35
9347 35
9348 42
9349 42
9350 35
9351 9
9352 41
9353 32
9354 31
9355 1
9356 43
9357 6
9358 45
9359 10
9360 18
9361 17
9362 63
9363 19
9364 7
9365 27
9366 56
9367 42
9368 32
9369 33
9370 29
9371 36
9372 13
9373 5
9374 37
9375 26
9376 6
9377 4
9378 38
9379 38
9380 16
9381 40
9382 8
9383 42
9384 20
9385 32
9386 54
9387 60
9388 37
9389 37
9390 55
9391 32
9392 7
9393 58
9394 53
9395 46
9396 10
9397 15
9398 45
9399 25
9400 40
9401 82
9402 4
9403 98
9404 47
9405 26
9406 24
9407 31
9408 68
9409 13
9410 10
9411 65
9412 80
9413 6
9414 81
9415 7
9416 5
9417 3
9418 99
9419 48
9420 33
9421 31
9422 55
9423 52
9424 59
9425 67
9426 19
9427 63
9428 12
9429 35
9430 11
9431 19
9432 48
9433 43
9434 23
9435 33
9436 43
9437 48
9438 57
9439 19
9440 17
9441 17
9442 47
9443 45
9444 37
9445 13
9446 11
9447 52
9448 49
9449 46
9450 44
9451 19
9452 43
9453 10
9454 1
9455 52
9456 42
9457 3
9458 41
9459 42
9460 45
9461 11
9462 41
9463 32
9464 16
9465 56
9466 57
9467 28
9468 70
9469 73
9470 44
9471 67
9472 46
9473 65
9474 83
9475 9
9476 96
9477 6
9478 61
9479 29
9480 18
9481 63
9482 9
9483 74
9484 54
9485 44
9486 34
9487 26
9488 40
9489 65
9490 45
9491 2
9492 25
9493 27
9494 26
9495 31
9496 47
9497 51
9498 58
9499 8
9500 66
9501 72
9502 1
9503 37
9504 11
9505 39
9506 8
9507 68
9508 39
9509 31
9510 20
9511 29
9512 51
9513 60
9514 13
9515 38
9516 12
9517 39
9518 74
9519 46
9520 33
9521 39
9522 10
9523 14
9524 0
9525 41
9526 69
9527 53
9528 37
9529 35
9530 37
9531 45
9532 48
9533 15
9534 59
9535 63
9536 64
9537 48
9538 25
9539 26
9540 49
9541 14
9542 13
9543 65
9544 36
9545 42
9546 45
9547 30
9548 30
9549 52
9550 59
9551 36
9552 43
9553 81
9554 15
9555 72
9556 63
9557 31
9558 29
9559 66
9560 27
9561 50
9562 36
9563 10
9564 17
9565 26
9566 3
9567 47
9568 37
9569 27
9570 37
9571 69
9572 71
9573 50
9574 52
9575 1
9576 42
9577 12
9578 61
9579 19
9580 69
9581 45
9582 98
9583 64
9584 62
9585 20
9586 54
9587 61
9588 56
9589 33
9590 51
9591 6
9592 99
9593 17
9594 13
9595 42
9596 34
9597 45
9598 63
9599 25
9600 45
9601 63
9602 33
9603 38
9604 30
9605 42
9606 51
9607 54
9608 20
9609 55
9610 31
9611 13
9612 34
9613 32
9614 10
9615 50
9616 14
9617 5
9618 15
9619 29
9620 59
9621 30
9622 60
9623 72
9624 66
9625 15
9626 69
9627 49
9628 15
9629 10
9630 4
9631 42
9632 74
9633 76
9634 10
9635 30
9636 20
9637 20
9638 11
9639 55
9640 36
9641 37
9642 0
9643 8
9644 27
9645 33
9646 28
9647 25
9648 46
9649 23
9650 54
9651 67
9652 14
9653 36
9654 36
9655 43
9656 24
9657 24
9658 17
9659 58
9660 45
9661 52
9662 44
9663 35
9664 24
9665 40
9666 20
9667 17
9668 14
9669 67
9670 32
9671 3
9672 33
9673 53
9674 12
9675 32
9676 50
9677 47
9678 55
9679 23
9680 17
9681 22
9682 15
9683 0
9684 84
9685 11
9686 35
9687 71
9688 55
9689 34
9690 10
9691 42
9692 16
9693 9
9694 66
9695 21
9696 37
9697 8
9698 8
9699 0
9700 54
9701 25
9702 20
9703 29
9704 62
9705 45
9706 50
9707 34
9708 8
9709 2
9710 17
9711 79
9712 53
9713 17
9714 28
9715 49
9716 17
9717 1
9718 5
9719 74
9720 46
9721 34
9722 7
9723 82
9724 18
9725 88
9726 49
9727 77
9728 29
9729 57
9730 59
9731 55
9732 18
9733 34
9734 38
9735 29
9736 29
9737 49
9738 45
9739 14
9740 18
9741 40
9742 31
9743 35
9744 15
9745 16
9746 34
9747 1
9748 0
9749 83
9750 39
9751 34
9752 65
9753 66
9754 48
9755 41
9756 34
9757 59
9758 27
9759 61
9760 30
9761 42
9762 65
9763 99
9764 35
9765 27
9766 14
9767 8
9768 6
9769 35
9770 71
9771 10
9772 72
9773 69
9774 55
9775 51
9776 55
9777 42
9778 10
9779 28
9780 52
9781 80
9782 93
9783 73
9784 43
9785 61
9786 52
9787 50
9788 32
9789 25
9790 68
9791 10
9792 9
9793 24
9794 28
9795 23
9796 19
9797 65
9798 68
9799 63
9800 46
9801 51
9802 39
9803 26
9804 52
9805 49
9806 15
9807 17
9808 54
9809 49
9810 51
9811 61
9812 38
9813 11
9814 4
9815 14
9816 37
9817 50
9818 37
9819 38
9820 15
9821 36
9822 26
9823 25
9824 27
9825 59
9826 23
9827 72
9828 37
9829 85
9830 46
9831 52
9832 13
9833 15
9834 34
9835 55
9836 19
9837 26
9838 24
9839 31
9840 8
9841 17
9842 60
9843 64
9844 29
9845 58
9846 33
9847 79
9848 8
9849 35
9850 56
9851 64
9852 9
9853 27
9854 51
9855 32
9856 46
9857 29
9858 12
9859 13
9860 45
9861 25
9862 25
9863 4
9864 26
9865 27
9866 38
9867 5
9868 11
9869 73
9870 39
9871 75
9872 58
9873 19
9874 74
9875 73
9876 36
9877 40
9878 55
9879 36
9880 37
9881 10
9882 48
9883 61
9884 0
9885 48
9886 44
9887 49
9888 48
9889 48
9890 7
9891 13
9892 51
9893 5
9894 13
9895 86
9896 69
9897 58
9898 25
9899 50
9900 6
9901 40
9902 28
9903 35
9904 52
9905 90
9906 44
9907 9
9908 4
9909 42
9910 17
9911 48
9912 12
9913 44
9914 86
9915 61
9916 11
9917 36
9918 6
9919 9
9920 17
9921 9
9922 28
9923 51
9924 58
9925 30
9926 43
9927 50
9928 54
9929 86
9930 71
9931 62
9932 11
9933 47
9934 34
9935 2
9936 36
9937 73
9938 7
9939 53
9940 20
9941 24
9942 58
9943 66
9944 54
9945 31
9946 42
9947 31
9948 54
9949 19
9950 17
9951 52
9952 35
9953 1
9954 3
9955 39
9956 1
9957 7
9958 41
9959 57
9960 62
9961 36
9962 52
9963 12
9964 45
9965 26
9966 15
9967 21
9968 18
9969 36
9970 26
9971 8
9972 41
9973 36
9974 16
9975 46
9976 17
9977 36
9978 27
9979 24
9980 90
9981 17
9982 30
9983 31
9984 3
9985 23
9986 64
9987 6
9988 54
9989 33
9990 25
9991 38
9992 53
9993 27
9994 14
9995 64
9996 13
9997 79
9998 44
9999 64
