36 22 42 44 
36 38 52 58 19 57 26 49 35 
54 52 32 
54 51 41 48 37 37 25 35 45 41 52 45 26 32 31 43 54 
23 36 52 
28 48 31 
52 37 
34 42 30 27 
53 41 51 47 52 59 44 23 49 
23 22 28 18 
27 30 18 
57 59 42 44 28 48 28 47 41 44 45 41 50 44 40 57 59 39 
24 40 41 41 
30 33 44 44 40 21 44 
57 34 40 48 32 47 56 54 43 31 50 21 34 46 31 43 42 52 31 31 31 29 36 41 30 49 40 35 18 45 38 46 59 54 31 32 24 33 30 50 35 33 29 44 59 
27 27 
20 52 27 45 
55 
49 39 45 
52 27 29 37 
34 28 58 19 29 16 49 21 41 35 52 42 
40 28 34 52 40 36 20 21 28 50 45 44 41 45 34 31 22 40 
36 52 54 42 34 39 
42 32 47 28 36 23 32 41 52 54 44 
62 
46 39 
59 45 
42 46 44 
39 19 49 43 47 20 41 37 45 46 36 38 51 39 41 47 28 48 20 51 31 54 28 
38 34 47 
60 47 20 40 32 25 
51 50 33 25 49 53 
51 43 58 
39 49 18 26 
69 
38 39 
40 38 57 32 40 39 50 28 49 45 58 40 43 22 52 35 41 40 49 28 52 24 40 50 49 44 37 36 32 22 
45 44 36 47 
21 54 45 21 39 
47 37 49 36 24 42 38 
28 26 31 36 32 43 25 55 18 51 42 22 35 29 39 58 35 26 48 63 29 25 19 50 25 35 27 32 16 48 28 38 20 56 52 34 27 18 43 52 45 20 30 48 29 22 54 39 37 32 48 34 55 31 50 57 42 29 55 29 27 33 43 34 18 28 20 21 40 23 32 62 21 42 36 28 20 40 25 30 50 50 32 23 44 52 39 56 53 31 25 18 55 31 20 39 38 49 50 31 38 25 21 54 28 58 16 30 26 40 38 29 56 25 41 39 22 18 53 39 31 23 44 22 27 24 37 31 28 44 54 36 31 58 26 35 44 52 44 26 31 56 18 23 29 19 57 51 54 33 54 20 44 25 44 20 30 43 31 44 30 22 36 35 26 26 30 49 43 21 48 37 34 27 35 29 44 
49 32 41 54 40 20 37 48 38 53 50 50 54 16 35 44 35 35 38 45 30 34 36 25 43 39 26 23 53 32 25 36 55 28 53 42 28 35 36 56 20 56 46 19 47 42 55 
37 
29 44 34 45 
37 52 35 19 
69 18 28 56 38 57 51 64 22 47 33 33 57 35 43 52 59 34 63 47 28 52 34 30 54 29 60 34 23 59 54 38 50 56 28 35 30 29 50 19 59 53 62 70 68 28 27 37 27 28 62 25 40 25 25 38 41 29 23 31 51 20 26 60 56 27 49 41 29 55 31 32 26 27 59 49 28 71 28 50 46 31 48 38 39 73 18 27 52 47 44 50 50 41 29 35 33 
79 31 
34 26 
69 33 29 19 33 53 70 59 44 25 43 46 24 67 25 18 35 44 30 25 26 20 52 72 61 41 55 27 43 16 18 56 19 34 28 27 30 61 25 
61 53 26 
45 37 20 45 43 52 19 33 41 47 19 37 40 19 28 37 48 34 49 56 26 23 30 19 44 37 50 58 45 49 46 37 45 34 36 28 26 32 31 58 44 25 31 41 28 40 36 45 57 35 23 41 26 41 27 36 42 33 21 44 18 57 46 19 24 45 19 44 42 22 42 50 38 35 18 58 27 57 50 49 51 43 40 19 26 36 28 35 
25 
55 44 55 52 49 37 44 59 49 35 57 36 33 22 26 53 41 36 27 34 58 52 40 32 29 39 42 53 46 37 47 27 39 55 28 23 
57 21 45 43 48 33 
34 34 
36 29 25 55 37 
35 41 43 32 38 52 50 40 45 52 46 
28 36 33 42 
50 33 
63 42 30 
49 44 
40 39 42 41 31 44 18 31 24 38 42 50 29 52 52 31 52 36 34 50 43 42 50 54 19 45 18 39 57 18 58 39 29 27 
65 33 
74 31 
36 
34 49 26 36 52 28 
41 52 43 18 48 
45 
32 38 50 33 35 34 24 54 46 42 64 20 43 34 37 37 59 22 42 38 29 49 25 33 32 53 44 35 19 21 34 38 42 32 42 32 52 29 45 29 36 53 49 31 26 32 54 33 43 
41 
43 25 52 32 49 58 29 
41 34 
56 25 50 48 36 41 18 34 33 53 31 44 56 20 18 46 32 35 30 54 32 24 54 45 33 38 28 56 30 44 36 48 19 44 39 25 25 40 28 53 31 39 44 43 29 38 29 37 25 34 53 41 26 48 48 29 48 38 57 38 35 43 50 22 47 33 45 46 20 37 22 42 56 18 20 60 55 49 39 47 48 42 31 45 50 44 25 24 50 44 47 48 29 42 26 58 56 54 32 53 18 26 40 19 39 52 56 52 37 52 59 59 53 38 19 54 52 54 35 33 51 56 45 34 53 29 30 51 46 35 40 18 53 44 26 57 28 21 22 56 55 
51 
45 55 55 
26 
55 37 37 27 42 
32 41 34 35 39 38 46 32 
49 51 
38 32 26 41 
65 24 34 
40 45 
28 20 31 28 39 27 20 37 38 
23 25 
63 44 48 
44 30 39 22 42 32 37 43 40 25 44 29 25 28 38 39 56 51 41 52 34 47 25 30 35 54 31 29 55 53 26 19 42 56 40 47 31 53 22 37 61 38 42 33 23 26 45 52 32 43 20 40 50 35 35 37 49 54 49 48 45 37 20 39 47 27 27 49 49 37 37 36 34 34 24 50 39 47 29 58 34 46 29 52 40 31 35 
51 47 49 29 
62 46 40 57 56 27 47 51 
64 45 32 30 44 44 43 22 38 
57 49 33 30 31 37 19 42 39 33 33 36 34 32 40 30 35 
69 
35 
29 21 
31 23 18 
35 40 19 21 48 39 
51 29 29 31 
49 48 44 44 29 44 38 
42 19 57 40 52 
74 21 
39 23 57 26 44 42 
24 41 52 
29 
33 
71 53 31 49 44 53 47 65 
25 58 35 
29 28 25 30 41 46 
29 19 47 
30 30 41 55 40 42 44 45 
63 46 55 
57 57 49 
30 21 53 44 51 40 18 30 29 26 51 48 34 52 52 38 38 34 54 43 44 38 46 46 48 48 44 29 41 22 38 31 59 29 30 30 39 47 26 23 
36 30 61 41 53 27 49 
34 25 51 
42 44 48 40 24 21 42 25 48 54 46 31 29 37 
31 35 29 
28 38 25 43 
27 36 28 29 
70 37 46 34 72 38 30 74 56 
31 30 43 26 
21 45 20 56 
47 
22 23 21 34 24 34 23 37 54 34 58 23 54 39 44 37 47 56 
50 34 49 51 44 48 35 37 
48 30 45 42 27 23 31 20 49 31 
25 32 45 25 27 42 37 37 57 34 31 38 28 49 35 42 35 39 32 35 39 54 26 49 28 29 59 20 32 51 26 20 40 39 41 35 39 
55 56 54 58 58 58 37 47 
42 22 33 29 
33 42 25 
24 46 25 
44 50 32 47 39 43 
28 40 35 24 21 34 39 40 48 37 52 49 42 30 45 40 35 31 31 31 40 40 
47 34 35 49 23 33 
31 33 
56 55 48 42 48 33 43 32 55 59 34 30 30 53 51 40 54 63 54 21 59 42 41 60 47 46 38 40 40 34 46 33 54 42 
51 52 21 44 
37 
51 61 25 21 59 48 44 52 32 
54 31 50 28 
23 22 35 24 39 
41 21 55 41 
47 42 47 62 35 28 44 35 49 34 
28 26 20 
30 33 59 21 42 30 32 42 43 
56 
34 23 45 37 20 59 57 31 
54 25 58 45 54 
62 34 
59 30 33 
26 44 
47 58 32 
35 48 29 
24 36 
27 36 
33 33 49 58 
26 37 
56 51 21 51 36 25 37 
55 54 48 39 43 30 38 34 41 38 41 56 36 33 
53 25 
22 29 50 
36 53 
33 55 
73 50 29 
50 53 40 33 36 
28 23 50 33 46 32 45 44 
59 
50 24 49 49 34 30 53 32 45 21 
53 58 41 22 47 27 53 24 44 29 36 43 37 58 53 50 32 34 54 47 27 53 53 31 42 37 35 52 34 51 50 35 50 41 51 27 53 40 54 41 25 50 33 
52 29 48 
72 58 
58 45 45 
36 37 24 36 54 56 40 36 47 45 43 49 23 53 26 38 42 37 52 
49 
68 30 57 22 33 48 29 58 57 46 21 31 
45 27 20 32 43 
59 
68 26 67 73 
47 34 
25 34 36 20 32 23 46 48 49 34 33 31 25 50 29 54 46 39 33 45 61 32 42 52 54 50 26 21 47 29 24 21 43 40 41 31 35 41 32 59 47 27 43 58 45 34 35 41 34 54 31 46 23 45 59 29 30 21 31 21 32 29 34 51 42 37 
53 
47 47 33 37 58 30 46 41 33 31 37 34 
41 25 50 51 45 40 29 35 37 37 59 46 46 41 50 29 29 41 53 51 50 53 38 45 52 38 42 41 26 57 43 48 34 32 38 27 35 39 45 46 31 29 49 33 41 38 51 35 43 50 53 45 35 48 40 31 25 49 42 37 34 32 42 30 41 59 30 21 38 22 48 32 44 48 46 31 40 27 49 36 
32 29 32 48 39 39 39 38 
21 27 44 
58 51 34 22 42 34 38 42 42 26 49 26 31 35 38 32 29 26 32 44 41 31 42 41 25 56 49 51 24 54 53 52 36 59 37 38 51 53 53 50 40 35 31 27 21 35 49 36 57 37 29 58 53 48 42 25 62 58 53 28 47 54 47 43 43 38 50 28 44 53 21 20 48 47 26 22 50 33 55 34 32 52 27 50 59 50 36 44 54 32 30 56 49 36 41 39 28 28 64 30 30 49 36 40 37 51 45 41 33 49 41 54 38 53 43 23 31 33 21 20 33 40 36 26 32 43 48 53 37 28 44 46 31 37 52 29 25 52 56 50 59 34 46 45 48 28 30 44 41 47 49 37 40 40 49 40 55 29 42 58 42 56 30 40 48 33 23 30 38 39 34 40 23 42 47 43 54 34 33 40 50 51 33 44 34 39 43 43 40 35 48 60 38 42 38 43 43 57 38 39 26 34 41 49 51 58 43 31 54 35 47 28 56 50 39 56 27 37 28 27 44 52 42 32 40 34 34 30 54 45 28 48 27 41 43 51 41 39 35 43 49 40 59 43 23 41 32 49 32 45 51 25 51 36 54 48 51 43 36 31 27 57 30 43 30 44 45 33 47 36 34 40 44 29 35 44 56 27 58 37 20 44 39 40 52 31 48 49 56 52 56 36 38 64 31 32 46 34 51 57 29 56 47 47 50 34 46 28 57 39 50 46 32 21 61 44 32 37 44 25 35 54 26 51 33 34 30 45 43 59 24 
36 38 29 44 39 56 48 26 49 35 28 20 25 27 59 
42 42 49 30 43 28 
59 24 
34 
26 34 50 20 20 31 38 20 45 
39 48 
23 56 30 57 40 39 50 22 
57 
58 24 34 39 42 57 35 39 24 57 30 27 33 44 36 32 49 22 
23 24 26 33 36 28 36 41 34 23 25 54 24 44 48 51 50 25 38 30 
30 32 21 35 25 31 31 
26 47 25 48 21 44 
50 27 33 38 28 46 59 28 
31 22 32 44 
52 54 59 57 47 
26 37 
40 26 21 44 41 54 53 39 55 46 45 26 37 29 28 36 52 37 46 
51 45 36 31 
29 29 36 27 27 29 22 39 
64 
33 48 25 
72 31 38 35 
25 41 28 44 31 48 38 48 56 22 
29 
23 54 27 47 37 20 33 42 29 34 27 48 34 41 29 39 47 38 43 41 25 23 21 44 31 38 47 29 48 41 
52 
65 23 
57 58 31 52 61 44 39 45 39 25 52 38 29 34 28 57 46 29 42 29 49 42 40 54 52 50 42 49 44 50 47 38 53 30 38 48 39 37 
59 50 48 59 36 25 53 56 35 50 49 44 38 41 50 22 57 54 
45 27 47 28 51 23 42 49 48 35 20 51 51 27 43 20 36 28 33 51 41 43 31 27 43 42 42 35 30 40 39 58 
27 32 26 46 
35 
47 56 21 
29 32 42 47 37 35 31 24 38 23 50 22 26 46 31 43 42 36 28 32 20 26 28 42 54 34 24 53 46 21 38 28 42 22 49 30 21 31 50 37 52 52 37 
30 27 31 
67 71 41 57 32 42 38 48 50 57 21 54 59 28 50 61 43 32 28 51 59 27 49 26 62 48 38 30 
29 26 53 25 20 29 24 57 
68 46 63 
30 41 26 46 45 21 38 58 33 47 39 45 25 25 53 26 33 34 39 51 31 39 40 32 47 43 48 37 50 37 43 55 48 50 28 24 21 37 30 25 35 47 31 37 55 26 44 37 39 46 27 44 57 37 35 55 35 31 26 33 27 55 21 37 30 42 42 36 43 50 39 45 32 43 49 50 44 45 
27 49 
39 20 29 40 
42 27 32 39 48 44 36 37 38 32 42 52 50 27 29 37 43 47 49 46 37 40 44 34 41 33 46 55 62 44 38 21 34 39 37 29 26 41 42 49 42 33 22 53 26 20 36 25 44 43 58 20 37 43 43 23 27 28 30 50 41 44 41 36 28 43 32 49 35 40 53 52 47 23 32 23 41 45 33 44 43 21 51 42 24 35 32 42 43 42 40 49 50 29 45 20 40 48 47 36 26 41 28 35 52 47 55 56 41 42 36 41 28 22 30 30 42 42 44 29 52 23 32 20 37 47 39 30 42 53 43 30 21 30 
37 54 40 47 38 35 27 34 31 47 57 25 41 
33 40 52 
27 51 25 39 
85 49 22 39 36 23 37 36 25 
52 
39 41 51 36 
52 56 44 47 58 48 43 52 45 25 44 35 
44 40 
36 22 26 38 24 58 
36 43 
32 26 27 56 42 25 56 46 
29 27 25 24 
37 30 24 40 37 20 
28 
53 42 39 
31 
29 39 
29 
53 34 
61 43 57 
59 53 57 44 25 54 53 55 44 26 33 
54 47 39 
23 20 37 
75 43 29 31 38 32 38 33 38 35 39 41 20 28 36 34 22 22 33 28 41 34 27 21 35 41 21 50 42 52 22 32 68 30 26 37 39 43 
39 
39 44 29 
46 51 24 49 
69 34 35 25 43 
64 31 41 21 
35 
37 
24 34 22 
24 40 38 29 35 21 38 39 40 35 52 33 35 26 
54 40 27 52 
52 39 45 
50 41 54 36 52 38 37 52 47 
25 50 27 26 22 46 49 20 41 34 27 27 32 26 43 20 26 40 
63 
33 
20 27 40 45 29 
48 27 43 56 27 26 46 51 49 22 42 27 36 39 29 33 48 42 41 33 49 33 22 33 54 23 35 
33 21 30 38 45 30 43 35 44 28 42 36 58 42 28 30 57 30 26 47 25 31 41 44 38 38 45 47 57 48 27 46 47 39 29 52 49 41 28 54 46 34 22 46 44 22 45 26 
58 35 36 53 
28 39 42 36 31 25 59 33 
53 37 45 
48 42 42 47 25 51 46 44 33 
28 
34 32 43 49 
39 55 47 34 47 
35 40 53 
53 45 43 38 49 
51 38 39 40 50 43 56 43 45 
73 39 49 60 57 
40 30 41 
46 58 58 33 46 
24 38 
64 28 30 36 45 29 64 47 
46 40 28 34 41 24 22 46 47 37 20 56 46 22 21 38 28 48 48 41 54 27 54 32 27 25 49 52 43 35 54 31 29 39 49 48 46 36 39 44 58 36 51 46 38 33 33 49 45 47 46 49 33 54 44 28 39 37 47 46 47 
46 40 31 46 30 25 56 
62 45 
74 62 
29 41 39 
27 46 22 33 40 30 21 24 57 34 52 20 41 38 53 30 25 29 23 38 47 27 40 46 49 41 43 46 26 31 36 27 36 41 33 38 32 34 23 51 43 24 41 47 27 
74 30 
45 52 35 22 27 
57 31 46 41 
59 
55 39 53 44 
66 28 53 31 35 61 46 50 70 34 52 59 51 39 64 33 42 65 
27 38 34 24 44 49 26 58 
39 
59 30 37 22 35 36 40 47 
25 27 38 50 
71 56 
60 56 23 54 40 55 56 51 56 47 38 54 51 32 46 38 32 40 29 25 28 21 
22 26 34 27 
36 45 31 29 36 36 42 37 41 50 38 43 30 27 26 45 
55 35 42 
55 46 49 
62 21 36 
49 44 45 
35 30 25 44 
28 57 
30 
25 29 26 50 
45 42 34 32 40 28 35 53 48 35 46 31 59 41 27 29 38 37 40 36 46 33 35 50 40 34 31 53 33 42 50 41 39 20 56 45 61 41 25 20 47 43 46 28 48 41 30 44 32 48 39 
37 40 43 52 31 30 51 38 45 31 32 41 28 26 44 37 21 45 52 25 38 36 35 42 46 45 54 28 30 28 45 35 37 34 54 41 41 25 42 59 26 25 48 46 45 41 39 42 21 34 56 33 32 36 38 25 36 43 59 44 44 31 26 52 42 30 47 34 24 46 43 59 53 27 49 50 47 47 22 39 31 44 45 34 40 39 30 57 37 47 51 47 20 43 36 47 43 25 30 48 20 36 62 42 53 26 52 24 47 37 32 53 29 49 41 31 45 40 26 24 31 40 56 52 54 32 35 38 38 31 39 35 35 51 43 49 44 49 41 48 53 43 39 29 21 39 27 47 31 35 33 59 38 34 44 47 47 45 50 41 47 53 24 43 39 26 28 40 53 44 21 26 53 32 52 25 51 29 46 31 27 46 39 25 57 41 40 35 28 27 42 38 36 25 20 35 35 34 33 38 40 36 52 54 31 39 47 40 38 30 39 36 35 41 29 51 21 20 44 34 58 43 28 32 25 38 40 39 46 20 47 35 46 48 21 36 35 48 32 47 35 45 43 30 31 24 33 31 39 36 40 21 37 50 41 34 52 41 33 45 36 32 43 20 59 53 30 54 26 34 31 36 45 53 41 52 58 38 41 39 28 24 31 41 40 49 42 31 39 54 36 41 32 28 48 55 43 34 56 47 44 31 51 36 41 38 47 30 47 37 29 41 50 28 53 60 24 37 29 42 36 37 38 34 36 42 41 34 33 38 36 35 47 43 36 22 45 30 33 59 37 21 41 52 32 38 26 53 31 50 38 25 42 45 31 50 44 31 38 41 44 56 31 38 56 35 38 55 31 35 49 34 26 34 47 22 39 22 56 32 49 47 54 47 22 30 54 54 35 47 35 30 25 45 52 32 48 28 33 37 20 36 34 31 30 32 49 27 48 37 32 29 35 49 25 27 36 26 30 27 38 36 39 39 49 36 52 35 31 49 27 26 37 32 51 27 31 22 31 37 47 48 35 51 46 34 36 36 26 22 35 53 53 38 48 37 33 25 32 25 39 36 50 46 48 32 38 57 23 46 39 30 22 30 36 33 26 49 23 26 63 45 27 35 47 23 37 35 22 27 54 32 21 39 26 50 24 52 35 22 57 26 30 25 37 45 53 55 37 27 31 38 20 25 37 39 37 38 38 46 34 28 26 30 47 22 23 29 49 34 28 45 48 35 57 54 22 59 53 55 26 30 28 35 28 46 38 55 21 33 29 22 36 38 22 45 31 28 45 48 29 25 59 38 55 35 35 38 46 47 35 38 35 20 34 51 25 46 48 54 52 30 35 38 27 52 25 32 32 31 26 59 57 28 33 33 21 59 30 34 46 32 46 53 27 29 21 51 53 30 48 33 48 47 46 23 54 23 25 32 49 48 49 32 32 46 45 32 31 47 27 21 29 48 31 49 58 46 49 59 55 25 47 29 29 29 45 47 54 57 48 23 47 46 29 23 47 30 47 55 50 45 28 32 29 58 32 30 55 49 26 56 53 58 32 29 46 22 26 26 21 33 58 45 24 46 46 28 49 48 50 34 28 59 27 47 27 49 46 46 33 28 28 21 46 45 50 22 30 51 63 23 34 45 33 53 21 29 22 45 50 29 56 26 26 21 29 47 51 28 23 26 25 45 32 33 56 30 46 53 49 54 29 28 51 52 27 51 55 25 28 27 29 32 33 50 31 50 57 48 30 53 30 23 52 48 31 29 25 30 58 47 54 49 52 54 45 52 33 33 50 23 47 29 28 31 32 50 30 26 48 31 52 32 49 32 33 34 31 30 33 34 51 22 20 52 34 30 22 52 28 24 29 27 20 22 25 29 57 27 27 54 34 32 29 27 52 56 50 29 28 34 34 26 31 52 50 21 50 22 30 50 29 24 26 52 54 34 29 27 32 33 27 20 26 33 29 52 53 31 54 31 33 25 20 26 55 27 54 22 56 56 29 52 30 30 32 29 25 50 28 24 26 32 52 25 24 28 22 28 28 29 53 53 50 30 33 54 32 52 52 33 30 28 28 34 32 20 54 25 29 58 26 29 32 27 58 53 29 57 55 32 64 34 23 34 53 28 29 32 33 52 63 29 27 23 25 25 29 27 22 27 28 28 28 58 26 52 
65 54 
60 33 29 56 32 54 55 29 31 51 56 20 50 
67 20 74 
66 63 58 31 26 54 31 53 52 51 56 64 72 50 26 
62 28 51 32 
80 30 
55 25 28 23 30 27 32 54 20 56 27 26 52 55 
63 53 56 25 63 24 23 22 55 25 56 52 26 59 29 51 50 21 27 29 22 56 56 56 55 28 56 59 56 57 25 56 58 56 56 29 25 58 26 58 
29 29 27 
56 29 55 
64 25 56 25 56 25 55 27 57 
56 57 27 26 64 58 26 
58 61 27 27 26 25 28 27 58 59 55 25 58 58 57 55 56 29 29 59 26 62 58 28 58 55 56 25 57 28 56 59 59 26 27 29 26 
61 25 56 29 29 55 28 56 29 55 55 27 25 58 26 60 63 
69 70 60 28 
60 59 27 
59 55 25 28 56 27 61 29 61 27 28 
62 58 55 55 26 55 27 63 
66 29 
61 29 27 
74 57 
70 25 62 55 
70 57 27 56 70 71 28 61 58 
64 28 29 29 
63 26 58 28 59 28 28 29 29 25 56 27 29 28 56 27 27 29 57 
59 64 60 60 56 62 60 57 57 58 64 58 59 55 62 55 58 59 56 57 55 58 55 59 59 64 62 58 55 64 61 59 55 55 55 56 55 62 56 57 59 55 58 56 56 55 58 59 55 57 56 55 59 56 58 61 59 59 57 57 59 55 59 58 58 64 56 55 61 63 61 64 61 64 60 61 63 64 62 64 63 62 62 61 64 62 62 64 60 60 63 64 64 60 64 60 63 64 62 62 64 62 64 62 63 61 60 60 62 64 60 64 61 62 60 61 62 63 60 61 64 63 64 63 60 61 60 62 63 63 62 61 62 60 62 63 63 61 62 61 64 62 64 62 61 60 64 60 63 63 64 64 60 60 62 62 60 61 60 64 60 64 64 62 62 64 61 62 64 60 62 60 64 60 60 60 60 60 61 63 64 60 60 60 62 61 60 63 62 62 64 61 64 61 60 64 64 60 63 61 64 64 60 61 64 60 64 64 62 64 63 60 61 64 62 61 60 61 63 63 63 62 60 62 64 63 64 64 63 61 64 63 62 61 61 63 61 62 63 63 64 64 64 64 61 63 64 63 63 69 71 69 65 68 67 72 68 70 67 67 67 65 66 68 67 69 68 66 67 68 72 74 69 66 73 66 67 67 72 69 68 69 67 66 73 66 66 73 68 74 73 65 66 68 65 69 69 72 67 69 73 68 69 67 65 74 69 74 72 67 72 68 72 71 66 65 69 69 67 67 72 69 65 65 68 66 71 66 68 69 65 70 65 68 69 66 66 65 73 73 65 73 65 67 66 66 69 67 65 66 68 73 68 73 69 74 67 67 67 
71 70 72 68 
77 66 65 
74 65 65 65 65 67 67 67 67 68 68 68 69 69 69 70 70 70 70 70 71 71 71 71 72 72 72 73 73 74 74 74 76 77 78 78 79 81 82 83 87 
