0 32
1 12
2 31
3 28
4 37
5 4
6 61
7 12
8 48
9 24
10 53
11 58
12 45
13 25
14 68
15 25
16 49
17 28
18 40
19 23
20 38
21 73
22 29
23 30
24 29
25 5
26 30
27 63
28 8
29 58
30 26
31 53
32 60
33 9
34 61
35 31
36 45
37 21
38 21
39 4
40 25
41 15
42 37
43 40
44 30
45 12
46 87
47 91
48 98
49 20
50 43
51 29
52 39
53 43
54 13
55 30
56 54
57 42
58 14
59 8
60 59
61 59
62 48
63 5
64 41
65 26
66 28
67 30
68 63
69 64
70 44
71 26
72 41
73 4
74 42
75 48
76 47
77 23
78 29
79 19
80 46
81 26
82 47
83 45
84 44
85 45
86 46
87 17
88 61
89 61
90 65
91 38
92 36
93 31
94 54
95 52
96 50
97 9
98 5
99 17
100 31
101 18
102 49
103 55
104 56
105 51
106 1
107 40
108 6
109 21
110 33
111 32
112 2
113 16
114 29
115 61
116 26
117 27
118 36
119 66
120 7
121 54
122 52
123 24
124 52
125 43
126 3
127 12
128 12
129 45
130 29
131 16
132 37
133 30
134 30
135 55
136 61
137 35
138 39
139 5
140 49
141 4
142 20
143 19
144 54
145 52
146 25
147 21
148 39
149 2
150 54
151 78
152 34
153 27
154 25
155 26
156 35
157 64
158 62
159 70
160 43
161 78
162 12
163 42
164 89
165 37
166 7
167 4
168 20
169 34
170 15
171 44
172 63
173 25
174 46
175 59
176 1
177 47
178 41
179 42
180 22
181 44
182 5
183 56
184 37
185 47
186 23
187 46
188 49
189 10
190 68
191 7
192 38
193 16
194 24
195 88
196 57
197 36
198 33
199 41
200 15
201 52
202 53
203 90
204 98
205 44
206 39
207 97
208 35
209 54
210 14
211 52
212 38
213 36
214 2
215 37
216 21
217 51
218 37
219 7
220 53
221 53
222 59
223 15
224 46
225 51
226 49
227 13
228 35
229 15
230 36
231 69
232 0
233 30
234 2
235 9
236 35
237 36
238 8
239 37
240 1
241 9
242 0
243 31
244 35
245 8
246 11
247 33
248 2
249 62
250 32
251 65
252 67
253 45
254 33
255 45
256 33
257 19
258 30
259 45
260 14
261 73
262 6
263 46
264 25
265 25
266 64
267 31
268 43
269 54
270 47
271 19
272 69
273 33
274 32
275 32
276 7
277 53
278 53
279 47
280 14
281 17
282 16
283 67
284 5
285 36
286 7
287 10
288 22
289 38
290 46
291 27
292 88
293 57
294 6
295 53
296 58
297 57
298 22
299 26
300 35
301 40
302 29
303 27
304 43
305 16
306 50
307 26
308 26
309 60
310 30
311 27
312 34
313 4
314 7
315 36
316 56
317 61
318 54
319 28
320 60
321 37
322 51
323 43
324 7
325 78
326 25
327 43
328 6
329 47
330 67
331 50
332 23
333 31
334 60
335 44
336 32
337 56
338 37
339 88
340 21
341 22
342 41
343 44
344 64
345 40
346 5
347 44
348 39
349 8
350 31
351 61
352 9
353 27
354 35
355 33
356 39
357 61
358 10
359 36
360 8
361 39
362 27
363 41
364 2
365 6
366 22
367 97
368 73
369 56
370 58
371 8
372 56
373 25
374 30
375 32
376 50
377 17
378 61
379 44
380 40
381 17
382 25
383 57
384 0
385 62
386 67
387 63
388 31
389 36
390 1
391 31
392 8
393 25
394 31
395 62
396 5
397 3
398 40
399 10
400 10
401 12
402 71
403 50
404 42
405 4
406 50
407 46
408 65
409 73
410 64
411 25
412 36
413 35
414 17
415 35
416 57
417 0
418 48
419 50
420 10
421 4
422 64
423 79
424 56
425 71
426 74
427 71
428 2
429 79
430 73
431 25
432 1
433 24
434 49
435 74
436 48
437 4
438 48
439 72
440 53
441 17
442 58
443 22
444 28
445 52
446 12
447 54
448 37
449 43
450 73
451 54
452 26
453 25
454 54
455 30
456 27
457 19
458 21
459 28
460 28
461 26
462 55
463 1
464 38
465 1
466 39
467 38
468 10
469 63
470 63
471 20
472 21
473 48
474 52
475 18
476 16
477 26
478 30
479 65
480 14
481 40
482 30
483 45
484 8
485 61
486 51
487 25
488 0
489 55
490 1
491 28
492 29
493 19
494 46
495 46
496 15
497 53
498 39
499 54
500 49
501 41
502 12
503 54
504 51
505 41
506 74
507 33
508 24
509 68
510 39
511 48
512 39
513 45
514 17
515 62
516 44
517 19
518 44
519 17
520 61
521 57
522 7
523 30
524 32
525 34
526 62
527 39
528 36
529 37
530 2
531 11
532 18
533 56
534 26
535 22
536 63
537 60
538 67
539 24
540 72
541 43
542 69
543 71
544 52
545 51
546 25
547 52
548 69
549 11
550 54
551 9
552 33
553 46
554 26
555 26
556 46
557 23
558 20
559 47
560 90
561 14
562 27
563 25
564 28
565 51
566 52
567 36
568 24
569 44
570 18
571 26
572 53
573 26
574 30
575 96
576 67
577 39
578 53
579 0
580 53
581 28
582 58
583 47
584 6
585 19
586 35
587 2
588 73
589 14
590 42
591 38
592 44
593 7
594 43
595 5
596 45
597 4
598 63
599 62
600 48
601 17
602 25
603 31
604 38
605 47
606 44
607 52
608 23
609 46
610 54
611 25
612 51
613 26
614 27
615 29
616 27
617 20
618 70
619 75
620 42
621 33
622 26
623 19
624 11
625 15
626 53
627 18
628 25
629 46
630 25
631 51
632 36
633 18
634 39
635 27
636 16
637 28
638 49
639 34
640 47
641 29
642 48
643 2
644 15
645 45
646 44
647 15
648 13
649 15
650 7
651 59
652 15
653 28
654 39
655 28
656 13
657 33
658 26
659 38
660 31
661 17
662 11
663 0
664 51
665 44
666 23
667 9
668 24
669 37
670 6
671 37
672 34
673 46
674 48
675 1
676 9
677 64
678 48
679 23
680 11
681 9
682 47
683 12
684 44
685 34
686 27
687 5
688 65
689 23
690 60
691 58
692 30
693 32
694 31
695 26
696 25
697 31
698 57
699 3
700 41
701 41
702 44
703 46
704 97
705 38
706 13
707 63
708 59
709 33
710 25
711 64
712 26
713 32
714 44
715 86
716 32
717 34
718 6
719 32
720 8
721 34
722 24
723 62
724 64
725 59
726 24
727 48
728 51
729 12
730 85
731 43
732 37
733 50
734 54
735 54
736 54
737 15
738 61
739 26
740 64
741 63
742 9
743 73
744 7
745 79
746 95
747 41
748 66
749 57
750 64
751 19
752 27
753 69
754 30
755 70
756 38
757 32
758 7
759 13
760 51
761 18
762 8
763 45
764 99
765 43
766 18
767 39
768 8
769 34
770 2
771 14
772 0
773 10
774 61
775 55
776 76
777 43
778 38
779 9
780 42
781 18
782 44
783 31
784 42
785 62
786 40
787 7
788 30
789 52
790 26
791 76
792 40
793 24
794 0
795 59
796 16
797 63
798 1
799 53
800 9
801 33
802 9
803 33
804 18
805 34
806 6
807 15
808 29
809 63
810 19
811 44
812 35
813 27
814 14
815 94
816 46
817 64
818 29
819 45
820 5
821 13
822 45
823 53
824 34
825 40
826 27
827 35
828 46
829 43
830 26
831 4
832 26
833 28
834 15
835 29
836 68
837 0
838 31
839 32
840 27
841 1
842 27
843 12
844 39
845 13
846 36
847 8
848 49
849 16
850 17
851 56
852 5
853 58
854 20
855 32
856 36
857 12
858 6
859 4
860 17
861 48
862 46
863 27
864 23
865 29
866 25
867 20
868 16
869 21
870 69
871 55
872 29
873 18
874 54
875 70
876 40
877 4
878 61
879 10
880 2
881 36
882 46
883 41
884 52
885 24
886 18
887 51
888 3
889 17
890 52
891 18
892 61
893 10
894 42
895 41
896 11
897 5
898 65
899 10
900 57
901 5
902 55
903 33
904 13
905 57
906 23
907 26
908 14
909 54
910 94
911 28
912 49
913 10
914 52
915 64
916 1
917 41
918 30
919 55
920 64
921 60
922 82
923 85
924 65
925 38
926 41
927 23
928 67
929 50
930 50
931 38
932 49
933 48
934 38
935 58
936 32
937 46
938 25
939 48
940 29
941 57
942 58
943 24
944 30
945 53
946 18
947 15
948 26
949 55
950 12
951 72
952 32
953 27
954 25
955 67
956 67
957 20
958 45
959 99
960 79
961 47
962 48
963 42
964 4
965 42
966 62
967 20
968 10
969 35
970 33
971 2
972 52
973 42
974 47
975 50
976 16
977 26
978 47
979 76
980 39
981 18
982 70
983 64
984 40
985 41
986 41
987 94
988 49
989 58
990 15
991 58
992 21
993 27
994 30
995 38
996 16
997 2
998 37
999 12
1000 56
1001 9
1002 29
1003 54
1004 46
1005 61
1006 9
1007 64
1008 15
1009 51
1010 33
1011 0
1012 68
1013 29
1014 34
1015 4
1016 32
1017 59
1018 33
1019 49
1020 16
1021 66
1022 3
1023 31
1024 61
1025 59
1026 66
1027 3
1028 91
1029 54
1030 61
1031 99
1032 30
1033 33
1034 1
1035 58
1036 59
1037 57
1038 27
1039 27
1040 21
1041 52
1042 32
1043 4
1044 15
1045 16
1046 50
1047 50
1048 28
1049 70
1050 68
1051 47
1052 13
1053 65
1054 36
1055 56
1056 6
1057 57
1058 17
1059 70
1060 64
1061 28
1062 28
1063 68
1064 9
1065 74
1066 26
1067 50
1068 16
1069 1
1070 42
1071 4
1072 19
1073 25
1074 31
1075 44
1076 40
1077 54
1078 0
1079 31
1080 67
1081 31
1082 73
1083 4
1084 39
1085 74
1086 51
1087 6
1088 14
1089 67
1090 63
1091 37
1092 39
1093 5
1094 42
1095 1
1096 39
1097 36
1098 10
1099 12
1100 12
1101 57
1102 55
1103 51
1104 47
1105 34
1106 38
1107 77
1108 42
1109 49
1110 32
1111 63
1112 4
1113 23
1114 1
1115 23
1116 28
1117 33
1118 3
1119 25
1120 10
1121 7
1122 33
1123 19
1124 15
1125 14
1126 26
1127 9
1128 41
1129 8
1130 90
1131 14
1132 37
1133 81
1134 19
1135 65
1136 40
1137 62
1138 33
1139 33
1140 7
1141 9
1142 9
1143 90
1144 29
1145 1
1146 63
1147 64
1148 44
1149 41
1150 10
1151 26
1152 45
1153 21
1154 24
1155 46
1156 87
1157 70
1158 72
1159 33
1160 93
1161 52
1162 42
1163 68
1164 39
1165 35
1166 42
1167 37
1168 3
1169 1
1170 38
1171 42
1172 66
1173 48
1174 40
1175 30
1176 64
1177 61
1178 53
1179 42
1180 36
1181 43
1182 10
1183 53
1184 4
1185 73
1186 47
1187 20
1188 43
1189 9
1190 37
1191 31
1192 33
1193 14
1194 34
1195 19
1196 1
1197 7
1198 62
1199 48
1200 0
1201 84
1202 26
1203 71
1204 71
1205 43
1206 49
1207 40
1208 23
1209 46
1210 17
1211 22
1212 44
1213 49
1214 6
1215 1
1216 33
1217 49
1218 18
1219 25
1220 60
1221 1
1222 35
1223 2
1224 40
1225 16
1226 41
1227 59
1228 34
1229 2
1230 11
1231 33
1232 60
1233 62
1234 69
1235 68
1236 29
1237 28
1238 51
1239 54
1240 72
1241 35
1242 74
1243 20
1244 17
1245 21
1246 35
1247 54
1248 2
1249 27
1250 39
1251 42
1252 0
1253 38
1254 14
1255 13
1256 28
1257 34
1258 43
1259 9
1260 58
1261 5
1262 6
1263 50
1264 40
1265 40
1266 43
1267 12
1268 55
1269 31
1270 6
1271 31
1272 85
1273 36
1274 36
1275 41
1276 7
1277 47
1278 39
1279 59
1280 56
1281 56
1282 49
1283 62
1284 58
1285 27
1286 48
1287 59
1288 12
1289 73
1290 11
1291 57
1292 59
1293 95
1294 60
1295 62
1296 19
1297 62
1298 27
1299 95
1300 69
1301 47
1302 12
1303 4
1304 12
1305 36
1306 18
1307 38
1308 64
1309 47
1310 47
1311 27
1312 34
1313 10
1314 14
1315 42
1316 38
1317 9
1318 41
1319 38
1320 7
1321 37
1322 40
1323 59
1324 62
1325 0
1326 55
1327 13
1328 45
1329 16
1330 49
1331 62
1332 10
1333 19
1334 59
1335 45
1336 14
1337 30
1338 63
1339 22
1340 36
1341 38
1342 55
1343 10
1344 64
1345 23
1346 53
1347 49
1348 27
1349 18
1350 25
1351 25
1352 55
1353 46
1354 16
1355 47
1356 22
1357 44
1358 30
1359 50
1360 26
1361 14
1362 12
1363 93
1364 97
1365 77
1366 77
1367 48
1368 46
1369 83
1370 43
1371 33
1372 7
1373 0
1374 30
1375 86
1376 61
1377 44
1378 66
1379 63
1380 93
1381 15
1382 25
1383 61
1384 21
1385 43
1386 51
1387 14
1388 62
1389 62
1390 26
1391 30
1392 61
1393 34
1394 32
1395 33
1396 31
1397 67
1398 65
1399 39
1400 5
1401 49
1402 62
1403 1
1404 10
1405 42
1406 30
1407 44
1408 10
1409 5
1410 42
1411 6
1412 22
1413 48
1414 65
1415 32
1416 34
1417 34
1418 56
1419 27
1420 59
1421 63
1422 49
1423 2
1424 17
1425 56
1426 38
1427 20
1428 36
1429 43
1430 8
1431 73
1432 68
1433 39
1434 45
1435 8
1436 55
1437 10
1438 22
1439 27
1440 54
1441 13
1442 7
1443 92
1444 8
1445 41
1446 27
1447 0
1448 59
1449 49
1450 57
1451 54
1452 74
1453 42
1454 43
1455 6
1456 14
1457 44
1458 29
1459 1
1460 26
1461 58
1462 61
1463 12
1464 47
1465 45
1466 29
1467 15
1468 47
1469 93
1470 32
1471 60
1472 3
1473 49
1474 61
1475 9
1476 39
1477 39
1478 6
1479 37
1480 10
1481 12
1482 9
1483 71
1484 58
1485 60
1486 21
1487 45
1488 56
1489 46
1490 50
1491 31
1492 27
1493 26
1494 5
1495 53
1496 27
1497 51
1498 55
1499 54
1500 48
1501 28
1502 66
1503 42
1504 68
1505 46
1506 73
1507 73
1508 13
1509 38
1510 20
1511 33
1512 88
1513 98
1514 56
1515 53
1516 53
1517 22
1518 15
1519 40
1520 21
1521 45
1522 16
1523 77
1524 42
1525 11
1526 30
1527 13
1528 6
1529 38
1530 5
1531 26
1532 23
1533 37
1534 30
1535 0
1536 43
1537 4
1538 25
1539 46
1540 51
1541 18
1542 28
1543 48
1544 25
1545 96
1546 31
1547 34
1548 7
1549 25
1550 27
1551 27
1552 92
1553 7
1554 42
1555 14
1556 59
1557 12
1558 22
1559 21
1560 49
1561 18
1562 54
1563 6
1564 24
1565 56
1566 14
1567 17
1568 47
1569 46
1570 21
1571 9
1572 22
1573 53
1574 35
1575 27
1576 18
1577 50
1578 29
1579 70
1580 32
1581 31
1582 63
1583 32
1584 66
1585 41
1586 68
1587 67
1588 14
1589 68
1590 53
1591 47
1592 11
1593 4
1594 49
1595 39
1596 44
1597 66
1598 37
1599 35
1600 12
1601 38
1602 58
1603 53
1604 26
1605 33
1606 23
1607 24
1608 22
1609 26
1610 42
1611 20
1612 81
1613 50
1614 38
1615 70
1616 22
1617 62
1618 20
1619 59
1620 68
1621 70
1622 33
1623 3
1624 39
1625 41
1626 66
1627 67
1628 61
1629 23
1630 28
1631 47
1632 20
1633 58
1634 8
1635 35
1636 9
1637 6
1638 44
1639 18
1640 67
1641 22
1642 14
1643 39
1644 33
1645 2
1646 43
1647 38
1648 5
1649 6
1650 39
1651 53
1652 55
1653 57
1654 57
1655 2
1656 20
1657 67
1658 47
1659 65
1660 0
1661 30
1662 27
1663 2
1664 7
1665 36
1666 33
1667 36
1668 43
1669 22
1670 59
1671 27
1672 30
1673 3
1674 40
1675 42
1676 3
1677 31
1678 28
1679 3
1680 40
1681 9
1682 45
1683 43
1684 19
1685 74
1686 45
1687 52
1688 60
1689 36
1690 41
1691 49
1692 8
1693 81
1694 12
1695 53
1696 54
1697 28
1698 18
1699 55
1700 56
1701 24
1702 39
1703 2
1704 17
1705 73
1706 17
1707 30
1708 29
1709 30
1710 51
1711 7
1712 34
1713 0
1714 63
1715 56
1716 64
1717 40
1718 19
1719 61
1720 40
1721 61
1722 35
1723 62
1724 18
1725 18
1726 72
1727 68
1728 28
1729 54
1730 30
1731 40
1732 10
1733 9
1734 17
1735 68
1736 70
1737 64
1738 81
1739 9
1740 3
1741 83
1742 27
1743 4
1744 50
1745 66
1746 55
1747 60
1748 18
1749 5
1750 47
1751 17
1752 47
1753 14
1754 58
1755 29
1756 24
1757 19
1758 42
1759 35
1760 12
1761 7
1762 40
1763 43
1764 17
1765 47
1766 46
1767 47
1768 38
1769 8
1770 36
1771 37
1772 8
1773 42
1774 18
1775 48
1776 13
1777 45
1778 42
1779 33
1780 60
1781 45
1782 29
1783 30
1784 14
1785 32
1786 28
1787 1
1788 36
1789 35
1790 2
1791 2
1792 10
1793 54
1794 68
1795 43
1796 73
1797 37
1798 35
1799 37
1800 37
1801 19
1802 26
1803 46
1804 46
1805 23
1806 25
1807 36
1808 31
1809 62
1810 61
1811 28
1812 0
1813 8
1814 63
1815 56
1816 27
1817 25
1818 26
1819 70
1820 32
1821 37
1822 65
1823 44
1824 71
1825 15
1826 21
1827 93
1828 6
1829 62
1830 64
1831 56
1832 61
1833 36
1834 35
1835 36
1836 7
1837 30
1838 11
1839 33
1840 30
1841 26
1842 25
1843 35
1844 9
1845 27
1846 0
1847 54
1848 14
1849 20
1850 50
1851 22
1852 21
1853 23
1854 47
1855 68
1856 32
1857 71
1858 29
1859 28
1860 47
1861 45
1862 15
1863 44
1864 12
1865 44
1866 17
1867 55
1868 49
1869 39
1870 68
1871 21
1872 44
1873 20
1874 48
1875 59
1876 40
1877 7
1878 43
1879 9
1880 31
1881 55
1882 54
1883 23
1884 56
1885 19
1886 46
1887 31
1888 67
1889 30
1890 44
1891 43
1892 34
1893 59
1894 34
1895 5
1896 67
1897 33
1898 64
1899 48
1900 26
1901 59
1902 28
1903 19
1904 71
1905 74
1906 40
1907 16
1908 9
1909 42
1910 49
1911 16
1912 23
1913 54
1914 12
1915 26
1916 29
1917 25
1918 57
1919 54
1920 65
1921 54
1922 46
1923 28
1924 67
1925 38
1926 54
1927 56
1928 46
1929 2
1930 9
1931 43
1932 18
1933 41
1934 24
1935 17
1936 52
1937 44
1938 57
1939 42
1940 19
1941 38
1942 56
1943 54
1944 32
1945 7
1946 12
1947 66
1948 38
1949 53
1950 25
1951 53
1952 13
1953 72
1954 8
1955 76
1956 45
1957 20
1958 24
1959 41
1960 53
1961 15
1962 53
1963 28
1964 15
1965 88
1966 53
1967 40
1968 10
1969 42
1970 92
1971 2
1972 51
1973 32
1974 37
1975 37
1976 51
1977 66
1978 58
1979 69
1980 99
1981 67
1982 15
1983 53
1984 34
1985 20
1986 53
1987 3
1988 95
1989 19
1990 55
1991 23
1992 36
1993 39
1994 13
1995 30
1996 38
1997 99
1998 33
1999 29
2000 69
2001 47
2002 12
2003 35
2004 22
2005 46
2006 23
2007 27
2008 55
2009 54
2010 7
2011 49
2012 72
2013 47
2014 74
2015 68
2016 7
2017 54
2018 36
2019 33
2020 13
2021 13
2022 60
2023 26
2024 54
2025 44
2026 27
2027 26
2028 50
2029 41
2030 22
2031 26
2032 40
2033 34
2034 8
2035 56
2036 58
2037 58
2038 5
2039 38
2040 39
2041 13
2042 24
2043 31
2044 37
2045 60
2046 58
2047 59
2048 16
2049 55
2050 20
2051 68
2052 8
2053 56
2054 13
2055 50
2056 4
2057 47
2058 9
2059 25
2060 46
2061 16
2062 43
2063 25
2064 55
2065 23
2066 55
2067 96
2068 12
2069 52
2070 66
2071 42
2072 65
2073 37
2074 99
2075 73
2076 59
2077 67
2078 28
2079 34
2080 36
2081 36
2082 11
2083 17
2084 70
2085 13
2086 48
2087 64
2088 2
2089 72
2090 39
2091 35
2092 2
2093 16
2094 80
2095 24
2096 46
2097 21
2098 23
2099 15
2100 44
2101 16
2102 2
2103 22
2104 10
2105 1
2106 32
2107 45
2108 6
2109 30
2110 55
2111 30
2112 57
2113 26
2114 75
2115 56
2116 53
2117 51
2118 3
2119 47
2120 47
2121 51
2122 51
2123 9
2124 55
2125 41
2126 32
2127 19
2128 35
2129 72
2130 58
2131 71
2132 33
2133 55
2134 5
2135 54
2136 5
2137 71
2138 67
2139 53
2140 27
2141 28
2142 50
2143 14
2144 0
2145 17
2146 43
2147 24
2148 37
2149 15
2150 9
2151 49
2152 31
2153 49
2154 67
2155 69
2156 64
2157 54
2158 14
2159 58
2160 1
2161 24
2162 36
2163 21
2164 12
2165 45
2166 58
2167 50
2168 43
2169 85
2170 33
2171 59
2172 33
2173 54
2174 39
2175 17
2176 37
2177 27
2178 4
2179 57
2180 54
2181 45
2182 50
2183 25
2184 14
2185 26
2186 40
2187 71
2188 7
2189 7
2190 88
2191 45
2192 45
2193 44
2194 70
2195 38
2196 10
2197 72
2198 2
2199 60
2200 8
2201 14
2202 25
2203 25
2204 25
2205 25
2206 30
2207 63
2208 60
2209 61
2210 42
2211 26
2212 18
2213 29
2214 59
2215 72
2216 66
2217 39
2218 40
2219 39
2220 37
2221 33
2222 3
2223 42
2224 5
2225 43
2226 7
2227 7
2228 32
2229 73
2230 21
2231 30
2232 41
2233 7
2234 31
2235 31
2236 2
2237 58
2238 45
2239 42
2240 30
2241 43
2242 18
2243 83
2244 69
2245 47
2246 3
2247 0
2248 26
2249 44
2250 14
2251 16
2252 56
2253 45
2254 17
2255 21
2256 74
2257 8
2258 65
2259 26
2260 55
2261 54
2262 71
2263 97
2264 66
2265 51
2266 21
2267 10
2268 24
2269 57
2270 33
2271 55
2272 56
2273 52
2274 6
2275 66
2276 4
2277 51
2278 21
2279 33
2280 54
2281 23
2282 48
2283 52
2284 37
2285 38
2286 35
2287 39
2288 31
2289 32
2290 94
2291 16
2292 37
2293 38
2294 6
2295 40
2296 34
2297 33
2298 3
2299 37
2300 61
2301 34
2302 39
2303 35
2304 30
2305 14
2306 36
2307 4
2308 37
2309 3
2310 51
2311 14
2312 20
2313 53
2314 64
2315 31
2316 7
2317 29
2318 60
2319 9
2320 26
2321 44
2322 38
2323 63
2324 18
2325 42
2326 65
2327 31
2328 8
2329 26
2330 67
2331 27
2332 47
2333 0
2334 35
2335 69
2336 9
2337 26
2338 26
2339 26
2340 4
2341 57
2342 25
2343 20
2344 49
2345 9
2346 23
2347 21
2348 16
2349 42
2350 35
2351 46
2352 31
2353 47
2354 58
2355 23
2356 28
2357 32
2358 6
2359 31
2360 6
2361 74
2362 41
2363 9
2364 48
2365 17
2366 18
2367 25
2368 32
2369 30
2370 32
2371 40
2372 3
2373 61
2374 61
2375 51
2376 61
2377 59
2378 50
2379 54
2380 26
2381 49
2382 84
2383 54
2384 63
2385 30
2386 61
2387 61
2388 1
2389 62
2390 53
2391 20
2392 33
2393 32
2394 33
2395 45
2396 39
2397 37
2398 0
2399 39
2400 36
2401 59
2402 56
2403 61
2404 67
2405 22
2406 19
2407 43
2408 63
2409 41
2410 53
2411 65
2412 42
2413 59
2414 2
2415 25
2416 55
2417 46
2418 4
2419 3
2420 47
2421 45
2422 13
2423 46
2424 28
2425 40
2426 15
2427 6
2428 40
2429 37
2430 35
2431 12
2432 3
2433 50
2434 61
2435 86
2436 73
2437 47
2438 12
2439 45
2440 48
2441 58
2442 60
2443 30
2444 26
2445 20
2446 47
2447 35
2448 5
2449 1
2450 38
2451 22
2452 21
2453 23
2454 72
2455 28
2456 46
2457 12
2458 18
2459 47
2460 50
2461 71
2462 41
2463 16
2464 29
2465 19
2466 89
2467 56
2468 41
2469 7
2470 59
2471 57
2472 62
2473 45
2474 47
2475 42
2476 9
2477 34
2478 33
2479 60
2480 0
2481 14
2482 52
2483 18
2484 26
2485 25
2486 9
2487 23
2488 32
2489 30
2490 32
2491 52
2492 13
2493 31
2494 17
2495 42
2496 40
2497 31
2498 9
2499 37
2500 12
2501 25
2502 46
2503 18
2504 11
2505 18
2506 62
2507 26
2508 0
2509 27
2510 27
2511 57
2512 53
2513 19
2514 14
2515 69
2516 50
2517 67
2518 68
2519 28
2520 27
2521 16
2522 64
2523 69
2524 28
2525 25
2526 6
2527 34
2528 3
2529 26
2530 54
2531 49
2532 12
2533 25
2534 17
2535 0
2536 14
2537 33
2538 0
2539 3
2540 34
2541 33
2542 39
2543 36
2544 29
2545 64
2546 42
2547 71
2548 13
2549 35
2550 32
2551 24
2552 65
2553 56
2554 79
2555 75
2556 70
2557 9
2558 37
2559 11
2560 39
2561 40
2562 7
2563 9
2564 31
2565 58
2566 28
2567 38
2568 39
2569 0
2570 86
2571 52
2572 68
2573 49
2574 34
2575 7
2576 26
2577 5
2578 68
2579 33
2580 92
2581 99
2582 73
2583 39
2584 70
2585 32
2586 52
2587 58
2588 6
2589 56
2590 22
2591 30
2592 62
2593 8
2594 2
2595 63
2596 54
2597 28
2598 32
2599 28
2600 24
2601 31
2602 59
2603 54
2604 50
2605 37
2606 67
2607 18
2608 88
2609 45
2610 32
2611 54
2612 50
2613 58
2614 47
2615 74
2616 28
2617 95
2618 23
2619 34
2620 7
2621 29
2622 33
2623 35
2624 42
2625 51
2626 2
2627 53
2628 52
2629 44
2630 67
2631 43
2632 67
2633 94
2634 4
2635 64
2636 0
2637 55
2638 31
2639 31
2640 4
2641 28
2642 36
2643 21
2644 50
2645 23
2646 57
2647 18
2648 56
2649 30
2650 57
2651 2
2652 11
2653 93
2654 44
2655 49
2656 15
2657 16
2658 43
2659 35
2660 8
2661 38
2662 34
2663 15
2664 48
2665 32
2666 1
2667 32
2668 51
2669 84
2670 24
2671 18
2672 86
2673 33
2674 36
2675 45
2676 63
2677 10
2678 16
2679 12
2680 60
2681 63
2682 65
2683 26
2684 58
2685 39
2686 63
2687 40
2688 2
2689 6
2690 63
2691 9
2692 31
2693 34
2694 61
2695 59
2696 53
2697 19
2698 60
2699 7
2700 30
2701 31
2702 18
2703 49
2704 13
2705 18
2706 78
2707 23
2708 59
2709 25
2710 39
2711 64
2712 4
2713 61
2714 92
2715 55
2716 47
2717 26
2718 68
2719 26
2720 33
2721 14
2722 66
2723 4
2724 42
2725 6
2726 9
2727 12
2728 46
2729 30
2730 28
2731 57
2732 57
2733 93
2734 73
2735 27
2736 45
2737 41
2738 38
2739 40
2740 17
2741 43
2742 62
2743 63
2744 66
2745 68
2746 4
2747 57
2748 50
2749 51
2750 50
2751 37
2752 56
2753 67
2754 31
2755 25
2756 25
2757 24
2758 28
2759 22
2760 69
2761 5
2762 43
2763 38
2764 59
2765 3
2766 51
2767 55
2768 0
2769 10
2770 38
2771 37
2772 47
2773 16
2774 2
2775 46
2776 73
2777 16
2778 52
2779 51
2780 65
2781 41
2782 40
2783 40
2784 39
2785 23
2786 50
2787 19
2788 49
2789 20
2790 23
2791 50
2792 54
2793 90
2794 40
2795 60
2796 15
2797 21
2798 22
2799 29
2800 53
2801 20
2802 3
2803 3
2804 51
2805 53
2806 60
2807 27
2808 33
2809 63
2810 41
2811 37
2812 42
2813 4
2814 0
2815 34
2816 57
2817 0
2818 29
2819 33
2820 59
2821 47
2822 0
2823 39
2824 19
2825 36
2826 25
2827 46
2828 53
2829 11
2830 72
2831 17
2832 74
2833 60
2834 33
2835 7
2836 10
2837 62
2838 61
2839 31
2840 33
2841 34
2842 5
2843 19
2844 78
2845 95
2846 28
2847 28
2848 14
2849 9
2850 51
2851 0
2852 46
2853 45
2854 23
2855 42
2856 48
2857 1
2858 24
2859 45
2860 71
2861 28
2862 54
2863 28
2864 26
2865 46
2866 25
2867 23
2868 16
2869 16
2870 27
2871 69
2872 55
2873 1
2874 68
2875 42
2876 89
2877 41
2878 7
2879 12
2880 43
2881 39
2882 14
2883 34
2884 58
2885 55
2886 64
2887 36
2888 77
2889 7
2890 38
2891 26
2892 44
2893 6
2894 18
2895 36
2896 52
2897 34
2898 2
2899 28
2900 51
2901 73
2902 30
2903 35
2904 39
2905 7
2906 9
2907 12
2908 82
2909 59
2910 51
2911 54
2912 96
2913 57
2914 18
2915 19
2916 55
2917 53
2918 22
2919 52
2920 32
2921 50
2922 17
2923 45
2924 13
2925 24
2926 51
2927 49
2928 35
2929 41
2930 38
2931 34
2932 35
2933 52
2934 25
2935 46
2936 51
2937 28
2938 87
2939 48
2940 50
2941 0
2942 50
2943 31
2944 13
2945 0
2946 1
2947 34
2948 42
2949 14
2950 39
2951 3
2952 25
2953 34
2954 22
2955 33
2956 0
2957 3
2958 8
2959 47
2960 23
2961 64
2962 63
2963 13
2964 60
2965 21
2966 20
2967 50
2968 25
2969 54
2970 22
2971 19
2972 42
2973 14
2974 27
2975 45
2976 19
2977 49
2978 14
2979 36
2980 44
2981 66
2982 36
2983 56
2984 61
2985 38
2986 45
2987 44
2988 59
2989 2
2990 45
2991 10
2992 62
2993 94
2994 12
2995 40
2996 53
2997 6
2998 14
2999 51
3000 41
3001 11
3002 61
3003 29
3004 70
3005 36
3006 19
3007 39
3008 47
3009 45
3010 47
3011 47
3012 17
3013 63
3014 32
3015 35
3016 14
3017 81
3018 37
3019 37
3020 61
3021 4
3022 29
3023 60
3024 56
3025 30
3026 61
3027 3
3028 61
3029 41
3030 51
3031 22
3032 73
3033 15
3034 20
3035 46
3036 49
3037 31
3038 36
3039 1
3040 22
3041 39
3042 13
3043 40
3044 45
3045 90
3046 48
3047 96
3048 45
3049 37
3050 20
3051 20
3052 36
3053 23
3054 0
3055 57
3056 28
3057 61
3058 26
3059 73
3060 42
3061 49
3062 53
3063 37
3064 42
3065 14
3066 68
3067 70
3068 72
3069 49
3070 37
3071 25
3072 42
3073 34
3074 93
3075 36
3076 74
3077 34
3078 25
3079 18
3080 26
3081 2
3082 44
3083 11
3084 45
3085 17
3086 80
3087 40
3088 67
3089 42
3090 31
3091 79
3092 42
3093 58
3094 58
3095 13
3096 8
3097 29
3098 35
3099 56
3100 52
3101 18
3102 48
3103 8
3104 58
3105 47
3106 46
3107 38
3108 11
3109 4
3110 19
3111 64
3112 61
3113 63
3114 59
3115 3
3116 66
3117 31
3118 60
3119 47
3120 38
3121 8
3122 31
3123 8
3124 33
3125 34
3126 29
3127 95
3128 67
3129 38
3130 10
3131 14
3132 11
3133 57
3134 65
3135 49
3136 65
3137 42
3138 53
3139 7
3140 57
3141 28
3142 44
3143 45
3144 11
3145 39
3146 42
3147 22
3148 20
3149 23
3150 33
3151 34
3152 3
3153 45
3154 47
3155 2
3156 14
3157 20
3158 44
3159 49
3160 11
3161 41
3162 17
3163 33
3164 96
3165 35
3166 11
3167 39
3168 35
3169 15
3170 8
3171 31
3172 26
3173 53
3174 17
3175 47
3176 23
3177 69
3178 59
3179 54
3180 53
3181 63
3182 42
3183 25
3184 59
3185 24
3186 50
3187 53
3188 5
3189 51
3190 25
3191 11
3192 49
3193 31
3194 48
3195 6
3196 16
3197 24
3198 21
3199 74
3200 11
3201 56
3202 59
3203 28
3204 57
3205 35
3206 23
3207 46
3208 42
3209 21
3210 67
3211 60
3212 67
3213 33
3214 33
3215 67
3216 48
3217 6
3218 22
3219 63
3220 61
3221 74
3222 29
3223 48
3224 47
3225 20
3226 33
3227 31
3228 52
3229 43
3230 45
3231 37
3232 23
3233 60
3234 49
3235 71
3236 72
3237 26
3238 9
3239 53
3240 69
3241 1
3242 68
3243 43
3244 45
3245 28
3246 46
3247 27
3248 58
3249 55
3250 26
3251 60
3252 66
3253 61
3254 57
3255 27
3256 17
3257 35
3258 28
3259 48
3260 26
3261 17
3262 10
3263 95
3264 33
3265 37
3266 32
3267 2
3268 79
3269 9
3270 23
3271 40
3272 57
3273 58
3274 40
3275 47
3276 11
3277 89
3278 32
3279 83
3280 8
3281 45
3282 35
3283 44
3284 37
3285 10
3286 52
3287 57
3288 30
3289 47
3290 48
3291 47
3292 17
3293 40
3294 45
3295 84
3296 54
3297 30
3298 23
3299 17
3300 4
3301 20
3302 26
3303 41
3304 72
3305 21
3306 66
3307 36
3308 40
3309 43
3310 16
3311 61
3312 2
3313 64
3314 56
3315 29
3316 49
3317 53
3318 98
3319 67
3320 48
3321 72
3322 30
3323 41
3324 17
3325 33
3326 74
3327 36
3328 30
3329 33
3330 49
3331 42
3332 50
3333 48
3334 43
3335 78
3336 50
3337 49
3338 25
3339 28
3340 62
3341 65
3342 18
3343 5
3344 22
3345 74
3346 66
3347 64
3348 21
3349 43
3350 69
3351 13
3352 66
3353 32
3354 21
3355 24
3356 5
3357 37
3358 2
3359 6
3360 40
3361 9
3362 9
3363 36
3364 5
3365 14
3366 60
3367 62
3368 14
3369 6
3370 31
3371 62
3372 6
3373 69
3374 40
3375 44
3376 68
3377 71
3378 11
3379 37
3380 40
3381 53
3382 3
3383 22
3384 49
3385 2
3386 30
3387 13
3388 42
3389 42
3390 55
3391 8
3392 84
3393 7
3394 19
3395 53
3396 27
3397 26
3398 30
3399 27
3400 26
3401 1
3402 24
3403 6
3404 48
3405 18
3406 46
3407 49
3408 25
3409 3
3410 49
3411 92
3412 22
3413 33
3414 29
3415 36
3416 6
3417 39
3418 38
3419 11
3420 18
3421 52
3422 42
3423 62
3424 24
3425 20
3426 45
3427 27
3428 28
3429 39
3430 1
3431 74
3432 9
3433 20
3434 35
3435 28
3436 37
3437 61
3438 61
3439 32
3440 63
3441 63
3442 72
3443 7
3444 34
3445 10
3446 32
3447 37
3448 39
3449 15
3450 35
3451 26
3452 46
3453 47
3454 67
3455 60
3456 60
3457 63
3458 28
3459 63
3460 39
3461 7
3462 18
3463 54
3464 55
3465 15
3466 23
3467 96
3468 19
3469 54
3470 10
3471 47
3472 47
3473 43
3474 5
3475 40
3476 11
3477 6
3478 65
3479 66
3480 43
3481 50
3482 21
3483 6
3484 86
3485 6
3486 30
3487 8
3488 32
3489 24
3490 32
3491 34
3492 31
3493 10
3494 72
3495 37
3496 29
3497 55
3498 59
3499 30
3500 38
3501 39
3502 38
3503 7
3504 50
3505 22
3506 19
3507 74
3508 71
3509 34
3510 62
3511 78
3512 34
3513 69
3514 42
3515 32
3516 23
3517 1
3518 62
3519 33
3520 42
3521 26
3522 25
3523 6
3524 54
3525 79
3526 70
3527 53
3528 22
3529 70
3530 38
3531 19
3532 54
3533 91
3534 15
3535 9
3536 22
3537 26
3538 6
3539 20
3540 46
3541 24
3542 17
3543 23
3544 18
3545 45
3546 54
3547 39
3548 18
3549 30
3550 28
3551 83
3552 44
3553 66
3554 32
3555 59
3556 2
3557 33
3558 10
3559 36
3560 72
3561 51
3562 45
3563 3
3564 16
3565 47
3566 63
3567 70
3568 7
3569 40
3570 0
3571 31
3572 26
3573 8
3574 39
3575 69
3576 58
3577 37
3578 10
3579 3
3580 33
3581 48
3582 30
3583 4
3584 25
3585 64
3586 16
3587 49
3588 62
3589 48
3590 9
3591 22
3592 49
3593 48
3594 62
3595 41
3596 92
3597 93
3598 6
3599 35
3600 48
3601 43
3602 8
3603 44
3604 32
3605 58
3606 55
3607 63
3608 6
3609 30
3610 11
3611 39
3612 17
3613 42
3614 38
3615 39
3616 11
3617 79
3618 4
3619 75
3620 11
3621 51
3622 1
3623 24
3624 50
3625 21
3626 25
3627 64
3628 73
3629 53
3630 52
3631 19
3632 35
3633 29
3634 28
3635 54
3636 25
3637 31
3638 37
3639 30
3640 6
3641 13
3642 19
3643 70
3644 35
3645 7
3646 35
3647 52
3648 49
3649 17
3650 45
3651 24
3652 14
3653 15
3654 43
3655 41
3656 8
3657 6
3658 6
3659 39
3660 54
3661 30
3662 17
3663 6
3664 48
3665 25
3666 49
3667 6
3668 36
3669 33
3670 10
3671 3
3672 56
3673 12
3674 98
3675 56
3676 12
3677 48
3678 62
3679 64
3680 58
3681 8
3682 27
3683 27
3684 39
3685 45
3686 58
3687 57
3688 39
3689 30
3690 68
3691 71
3692 56
3693 53
3694 59
3695 70
3696 22
3697 54
3698 49
3699 29
3700 49
3701 66
3702 20
3703 68
3704 54
3705 53
3706 39
3707 47
3708 10
3709 24
3710 48
3711 52
3712 57
3713 64
3714 2
3715 63
3716 58
3717 27
3718 20
3719 22
3720 37
3721 39
3722 6
3723 37
3724 44
3725 44
3726 49
3727 19
3728 22
3729 91
3730 37
3731 12
3732 61
3733 31
3734 57
3735 32
3736 88
3737 83
3738 99
3739 14
3740 50
3741 28
3742 62
3743 46
3744 74
3745 74
3746 51
3747 63
3748 60
3749 18
3750 50
3751 41
3752 15
3753 44
3754 44
3755 49
3756 48
3757 12
3758 62
3759 34
3760 57
3761 63
3762 24
3763 25
3764 21
3765 31
3766 52
3767 43
3768 12
3769 64
3770 53
3771 27
3772 8
3773 61
3774 59
3775 56
3776 41
3777 13
3778 13
3779 4
3780 64
3781 35
3782 31
3783 42
3784 71
3785 10
3786 38
3787 12
3788 36
3789 12
3790 58
3791 48
3792 51
3793 61
3794 3
3795 61
3796 64
3797 72
3798 30
3799 97
3800 65
3801 35
3802 76
3803 38
3804 37
3805 11
3806 15
3807 42
3808 11
3809 70
3810 22
3811 49
3812 57
3813 10
3814 49
3815 35
3816 2
3817 11
3818 30
3819 8
3820 43
3821 52
3822 14
3823 28
3824 36
3825 55
3826 57
3827 94
3828 60
3829 65
3830 61
3831 64
3832 54
3833 15
3834 63
3835 3
3836 62
3837 30
3838 86
3839 57
3840 90
3841 1
3842 33
3843 46
3844 81
3845 77
3846 48
3847 12
3848 15
3849 15
3850 37
3851 34
3852 28
3853 1
3854 37
3855 14
3856 41
3857 13
3858 69
3859 48
3860 49
3861 30
3862 0
3863 68
3864 14
3865 53
3866 9
3867 60
3868 31
3869 68
3870 42
3871 16
3872 65
3873 66
3874 56
3875 65
3876 78
3877 23
3878 49
3879 44
3880 2
3881 2
3882 41
3883 59
3884 58
3885 54
3886 28
3887 62
3888 58
3889 1
3890 38
3891 62
3892 27
3893 32
3894 19
3895 34
3896 0
3897 29
3898 57
3899 58
3900 33
3901 32
3902 5
3903 5
3904 27
3905 28
3906 50
3907 23
3908 40
3909 11
3910 9
3911 42
3912 66
3913 29
3914 33
3915 3
3916 57
3917 4
3918 4
3919 31
3920 71
3921 4
3922 64
3923 17
3924 22
3925 18
3926 26
3927 90
3928 39
3929 81
3930 30
3931 44
3932 18
3933 62
3934 8
3935 12
3936 0
3937 50
3938 38
3939 61
3940 63
3941 2
3942 55
3943 8
3944 25
3945 36
3946 6
3947 13
3948 50
3949 22
3950 51
3951 42
3952 61
3953 4
3954 43
3955 47
3956 30
3957 53
3958 34
3959 36
3960 47
3961 30
3962 56
3963 60
3964 29
3965 26
3966 27
3967 11
3968 44
3969 39
3970 42
3971 9
3972 18
3973 36
3974 36
3975 56
3976 6
3977 50
3978 49
3979 32
3980 6
3981 10
3982 34
3983 28
3984 9
3985 0
3986 26
3987 59
3988 29
3989 24
3990 38
3991 14
3992 69
3993 69
3994 67
3995 60
3996 59
3997 37
3998 21
3999 46
4000 23
4001 33
4002 42
4003 52
4004 30
4005 52
4006 52
4007 59
4008 48
4009 47
4010 27
4011 69
4012 30
4013 34
4014 40
4015 57
4016 15
4017 55
4018 35
4019 38
4020 88
4021 92
4022 52
4023 83
4024 4
4025 41
4026 48
4027 30
4028 32
4029 31
4030 8
4031 4
4032 69
4033 24
4034 39
4035 7
4036 37
4037 23
4038 21
4039 42
4040 20
4041 42
4042 69
4043 39
4044 66
4045 4
4046 31
4047 34
4048 28
4049 30
4050 34
4051 12
4052 5
4053 25
4054 19
4055 42
4056 70
4057 15
4058 41
4059 44
4060 66
4061 48
4062 13
4063 51
4064 33
4065 43
4066 57
4067 3
4068 46
4069 39
4070 36
4071 44
4072 9
4073 22
4074 41
4075 45
4076 83
4077 50
4078 48
4079 77
4080 54
4081 37
4082 34
4083 26
4084 26
4085 45
4086 42
4087 4
4088 57
4089 32
4090 39
4091 31
4092 48
4093 48
4094 13
4095 34
4096 91
4097 35
4098 4
4099 3
4100 36
4101 41
4102 28
4103 38
4104 51
4105 27
4106 54
4107 18
4108 63
4109 27
4110 59
4111 34
4112 14
4113 33
4114 39
4115 56
4116 53
4117 7
4118 54
4119 43
4120 37
4121 13
4122 37
4123 5
4124 10
4125 5
4126 37
4127 19
4128 52
4129 27
4130 17
4131 4
4132 27
4133 41
4134 57
4135 57
4136 22
4137 24
4138 44
4139 33
4140 30
4141 15
4142 43
4143 34
4144 58
4145 5
4146 15
4147 51
4148 25
4149 89
4150 21
4151 55
4152 29
4153 57
4154 43
4155 35
4156 39
4157 19
4158 40
4159 53
4160 48
4161 30
4162 33
4163 4
4164 31
4165 35
4166 20
4167 32
4168 1
4169 56
4170 58
4171 45
4172 28
4173 60
4174 61
4175 36
4176 13
4177 36
4178 7
4179 43
4180 46
4181 40
4182 59
4183 12
4184 28
4185 63
4186 27
4187 35
4188 1
4189 27
4190 60
4191 27
4192 30
4193 31
4194 29
4195 78
4196 72
4197 61
4198 43
4199 41
4200 46
4201 29
4202 25
4203 5
4204 47
4205 43
4206 19
4207 30
4208 17
4209 14
4210 10
4211 34
4212 4
4213 31
4214 33
4215 19
4216 51
4217 4
4218 35
4219 51
4220 42
4221 36
4222 38
4223 38
4224 11
4225 82
4226 89
4227 0
4228 95
4229 76
4230 62
4231 59
4232 92
4233 49
4234 71
4235 37
4236 31
4237 38
4238 5
4239 0
4240 70
4241 18
4242 30
4243 31
4244 42
4245 37
4246 41
4247 28
4248 48
4249 46
4250 51
4251 45
4252 49
4253 23
4254 47
4255 36
4256 31
4257 28
4258 26
4259 43
4260 2
4261 30
4262 31
4263 59
4264 41
4265 52
4266 19
4267 24
4268 21
4269 29
4270 56
4271 55
4272 30
4273 57
4274 36
4275 41
4276 51
4277 6
4278 32
4279 28
4280 37
4281 93
4282 10
4283 45
4284 36
4285 66
4286 58
4287 66
4288 77
4289 50
4290 59
4291 29
4292 30
4293 24
4294 52
4295 53
4296 36
4297 37
4298 5
4299 59
4300 47
4301 47
4302 56
4303 56
4304 31
4305 31
4306 41
4307 26
4308 13
4309 40
4310 16
4311 46
4312 28
4313 18
4314 31
4315 9
4316 1
4317 25
4318 38
4319 54
4320 50
4321 45
4322 29
4323 54
4324 24
4325 21
4326 28
4327 19
4328 21
4329 39
4330 14
4331 14
4332 95
4333 30
4334 80
4335 38
4336 42
4337 46
4338 19
4339 50
4340 20
4341 40
4342 13
4343 11
4344 12
4345 27
4346 27
4347 50
4348 2
4349 50
4350 7
4351 57
4352 15
4353 5
4354 56
4355 17
4356 59
4357 0
4358 57
4359 57
4360 57
4361 29
4362 69
4363 9
4364 45
4365 26
4366 25
4367 30
4368 19
4369 45
4370 46
4371 44
4372 2
4373 12
4374 1
4375 40
4376 41
4377 45
4378 40
4379 41
4380 43
4381 45
4382 12
4383 69
4384 41
4385 18
4386 32
4387 26
4388 20
4389 30
4390 69
4391 62
4392 21
4393 55
4394 45
4395 34
4396 31
4397 31
4398 5
4399 51
4400 54
4401 59
4402 23
4403 52
4404 51
4405 36
4406 9
4407 40
4408 69
4409 11
4410 22
4411 28
4412 28
4413 27
4414 66
4415 67
4416 27
4417 66
4418 0
4419 39
4420 56
4421 12
4422 59
4423 18
4424 63
4425 40
4426 39
4427 22
4428 21
4429 54
4430 46
4431 38
4432 3
4433 50
4434 25
4435 57
4436 14
4437 53
4438 22
4439 44
4440 42
4441 44
4442 49
4443 31
4444 37
4445 12
4446 11
4447 11
4448 27
4449 35
4450 38
4451 37
4452 37
4453 22
4454 33
4455 10
4456 27
4457 15
4458 19
4459 68
4460 69
4461 28
4462 22
4463 69
4464 7
4465 45
4466 30
4467 48
4468 17
4469 16
4470 37
4471 9
4472 35
4473 43
4474 42
4475 29
4476 6
4477 0
4478 35
4479 34
4480 26
4481 6
4482 9
4483 5
4484 44
4485 59
4486 29
4487 55
4488 66
4489 67
4490 67
4491 54
4492 36
4493 33
4494 21
4495 68
4496 27
4497 23
4498 5
4499 71
4500 7
4501 33
4502 25
4503 32
4504 34
4505 94
4506 66
4507 38
4508 33
4509 88
4510 38
4511 54
4512 48
4513 52
4514 51
4515 50
4516 15
4517 48
4518 60
4519 27
4520 9
4521 45
4522 14
4523 48
4524 45
4525 87
4526 15
4527 54
4528 62
4529 38
4530 38
4531 6
4532 14
4533 38
4534 61
4535 26
4536 49
4537 51
4538 52
4539 6
4540 26
4541 46
4542 28
4543 18
4544 41
4545 5
4546 10
4547 29
4548 40
4549 40
4550 43
4551 34
4552 26
4553 23
4554 61
4555 52
4556 55
4557 7
4558 31
4559 33
4560 54
4561 53
4562 13
4563 32
4564 28
4565 28
4566 30
4567 9
4568 10
4569 61
4570 66
4571 23
4572 64
4573 22
4574 43
4575 41
4576 52
4577 53
4578 27
4579 19
4580 63
4581 63
4582 60
4583 1
4584 35
4585 13
4586 12
4587 5
4588 13
4589 61
4590 25
4591 60
4592 60
4593 67
4594 4
4595 15
4596 6
4597 35
4598 19
4599 31
4600 12
4601 58
4602 53
4603 48
4604 6
4605 17
4606 47
4607 47
4608 29
4609 33
4610 4
4611 29
4612 47
4613 59
4614 17
4615 57
4616 70
4617 74
4618 69
4619 14
4620 39
4621 39
4622 46
4623 34
4624 28
4625 56
4626 1
4627 69
4628 10
4629 69
4630 36
4631 26
4632 33
4633 30
4634 51
4635 38
4636 35
4637 55
4638 27
4639 56
4640 31
4641 32
4642 7
4643 31
4644 28
4645 49
4646 27
4647 46
4648 16
4649 18
4650 29
4651 71
4652 5
4653 83
4654 67
4655 15
4656 38
4657 3
4658 65
4659 13
4660 84
4661 0
4662 38
4663 37
4664 34
4665 55
4666 59
4667 1
4668 50
4669 54
4670 60
4671 61
4672 63
4673 46
4674 93
4675 16
4676 37
4677 10
4678 7
4679 31
4680 28
4681 86
4682 62
4683 63
4684 41
4685 30
4686 36
4687 8
4688 11
4689 38
4690 38
4691 60
4692 31
4693 71
4694 39
4695 5
4696 18
4697 8
4698 65
4699 32
4700 55
4701 47
4702 11
4703 72
4704 64
4705 14
4706 38
4707 29
4708 3
4709 48
4710 54
4711 42
4712 31
4713 18
4714 62
4715 55
4716 11
4717 86
4718 25
4719 4
4720 22
4721 51
4722 51
4723 16
4724 72
4725 14
4726 24
4727 15
4728 21
4729 51
4730 70
4731 35
4732 32
4733 59
4734 22
4735 40
4736 42
4737 9
4738 26
4739 46
4740 49
4741 18
4742 21
4743 28
4744 28
4745 47
4746 47
4747 17
4748 58
4749 29
4750 42
4751 9
4752 9
4753 48
4754 48
4755 49
4756 60
4757 50
4758 17
4759 64
4760 46
4761 46
4762 48
4763 11
4764 28
4765 35
4766 17
4767 0
4768 35
4769 40
4770 10
4771 35
4772 24
4773 13
4774 16
4775 60
4776 6
4777 16
4778 67
4779 5
4780 68
4781 47
4782 29
4783 21
4784 29
4785 43
4786 18
4787 34
4788 39
4789 32
4790 32
4791 94
4792 91
4793 35
4794 8
4795 32
4796 32
4797 1
4798 71
4799 24
4800 41
4801 20
4802 32
4803 2
4804 1
4805 67
4806 41
4807 1
4808 42
4809 37
4810 7
4811 35
4812 40
4813 61
4814 59
4815 0
4816 69
4817 32
4818 64
4819 29
4820 37
4821 37
4822 80
4823 52
4824 45
4825 47
4826 29
4827 44
4828 43
4829 12
4830 24
4831 37
4832 58
4833 35
4834 35
4835 26
4836 38
4837 93
4838 8
4839 63
4840 58
4841 52
4842 70
4843 47
4844 46
4845 26
4846 49
4847 5
4848 47
4849 55
4850 19
4851 23
4852 19
4853 26
4854 32
4855 31
4856 43
4857 41
4858 42
4859 60
4860 20
4861 52
4862 38
4863 36
4864 1
4865 7
4866 22
4867 53
4868 51
4869 35
4870 38
4871 4
4872 16
4873 17
4874 8
4875 74
4876 43
4877 32
4878 5
4879 3
4880 82
4881 45
4882 67
4883 70
4884 78
4885 12
4886 46
4887 11
4888 53
4889 6
4890 22
4891 73
4892 26
4893 59
4894 26
4895 30
4896 34
4897 30
4898 12
4899 40
4900 21
4901 46
4902 78
4903 52
4904 21
4905 67
4906 41
4907 26
4908 27
4909 30
4910 38
4911 5
4912 34
4913 20
4914 27
4915 27
4916 89
4917 5
4918 71
4919 65
4920 66
4921 36
4922 70
4923 6
4924 68
4925 69
4926 57
4927 43
4928 67
4929 44
4930 50
4931 10
4932 53
4933 8
4934 40
4935 40
4936 28
4937 36
4938 48
4939 61
4940 35
4941 52
4942 27
4943 81
4944 39
4945 7
4946 37
4947 30
4948 61
4949 19
4950 11
4951 44
4952 54
4953 27
4954 53
4955 89
4956 11
4957 52
4958 2
4959 24
4960 52
4961 20
4962 35
4963 37
4964 33
4965 29
4966 57
4967 16
4968 51
4969 21
4970 2
4971 62
4972 28
4973 0
4974 10
4975 61
4976 60
4977 44
4978 4
4979 46
4980 14
4981 31
4982 19
4983 46
4984 41
4985 63
4986 63
4987 64
4988 11
4989 25
4990 67
4991 67
4992 67
4993 12
4994 31
4995 33
4996 33
4997 66
4998 3
4999 33
