32 12 31 28 37 4 
61 12 
48 
24 
53 58 45 25 
68 25 
49 28 
40 23 38 
73 29 
30 29 5 30 
63 8 
58 26 53 60 9 
61 31 45 
21 21 4 25 15 
37 40 
30 12 
87 
91 
98 20 43 
29 
39 43 13 30 
54 
42 14 8 
59 59 
48 5 41 26 
28 30 
63 64 
44 26 41 4 42 
48 47 23 29 
19 
46 26 
47 
45 44 45 46 17 
61 61 65 
38 36 31 
54 
52 
50 9 5 17 31 18 
49 
55 56 51 1 
40 6 21 33 
32 2 16 29 61 
26 27 
36 
66 7 
54 52 24 52 
43 3 12 12 
45 29 16 
37 30 30 55 
61 35 
39 5 
49 4 20 
19 
54 52 25 21 
39 2 
54 
78 34 
27 25 26 35 
64 62 70 
43 
78 12 42 89 
37 7 4 20 34 15 44 
63 25 
46 59 1 47 
41 
42 22 44 5 
56 37 
47 23 46 
49 10 
68 7 
38 16 24 
88 57 
36 33 41 15 
52 53 
90 98 
44 39 
97 35 
54 14 52 
38 36 2 37 
21 
51 
37 7 
53 
53 59 15 
46 51 49 13 
35 15 36 
69 0 
30 2 9 
35 36 8 37 1 9 0 
31 35 8 11 33 2 
62 32 
65 67 
45 33 45 33 
19 30 45 14 
73 6 
46 25 25 
64 31 43 
54 47 19 
69 33 
32 32 7 
53 53 
47 14 17 16 
67 5 
36 7 10 22 38 
46 27 
88 
57 6 53 58 57 22 26 
35 40 29 27 
43 16 
50 
26 26 60 30 27 
34 4 7 
36 
56 61 54 28 
60 37 
51 43 7 
78 25 
43 6 47 
67 
50 23 
31 
60 
44 32 
56 
37 
88 21 
22 41 44 
64 
40 5 44 
39 8 31 61 9 
27 
35 33 39 61 10 
36 8 39 27 
41 2 6 
22 
97 73 
56 
58 8 
56 25 30 
32 
50 17 61 
44 40 17 
25 57 0 
62 67 
63 31 36 1 
31 8 25 31 62 5 3 
40 10 10 12 
71 50 
42 4 
50 
46 
65 73 64 
25 
36 35 17 35 
57 0 
48 50 10 4 
64 
79 56 
71 74 
71 2 
79 73 
25 1 
24 49 
74 
48 4 48 
72 
53 17 
58 22 28 
52 12 
54 37 
43 
73 54 
26 25 54 30 27 
19 
21 
28 28 26 
55 1 
38 1 39 38 10 
63 63 
20 21 
48 52 18 16 
26 30 
65 14 40 30 45 8 61 
51 
25 0 55 1 
28 29 19 
46 46 15 
53 
39 
54 49 41 12 54 
51 41 
74 33 24 
68 39 48 
39 
45 17 62 44 19 44 17 
61 57 7 
30 
32 34 62 
39 36 37 2 11 18 
56 26 
22 
63 60 
67 24 
72 43 
69 71 
52 51 25 52 
69 11 
54 9 33 46 
26 26 
46 23 20 47 
90 14 
27 
25 28 
51 52 
36 
24 44 18 26 53 
26 30 
96 
67 
39 
53 0 
53 
28 58 47 6 
19 
35 2 73 14 
42 
38 44 7 
43 5 45 4 
63 62 
48 17 
25 31 
38 
47 44 52 23 
46 
54 25 51 26 27 
29 27 
20 
70 75 42 
33 
26 
19 11 15 53 18 25 
46 25 51 
36 
18 39 
27 16 28 
49 34 47 
29 
48 2 15 45 
44 15 13 15 7 
59 15 28 
39 
28 13 
33 
26 
38 
31 17 11 0 
51 44 23 9 24 
37 6 37 34 
46 48 1 9 
64 
48 23 11 9 47 12 44 
34 27 5 
65 23 
60 58 
30 32 31 
26 25 31 
57 3 
41 41 
44 
46 
97 38 13 
63 59 33 25 64 26 
32 
44 86 
32 
34 6 32 8 34 24 
62 64 
59 24 
48 
51 12 
85 43 
37 
50 54 54 
54 15 61 26 
64 63 9 
73 7 
79 95 
41 
66 57 64 
19 
27 
69 30 70 
38 32 7 13 
51 18 8 
45 
99 43 
18 
39 8 34 2 14 0 10 
61 55 
76 
43 38 9 42 
18 
44 31 42 62 
40 7 30 
52 26 
76 
40 24 0 
59 16 
63 1 
53 9 
33 9 33 
18 
34 6 15 
29 
63 19 
44 35 27 14 
94 46 
64 
29 
45 5 13 45 
53 34 40 27 
35 46 
43 26 4 26 28 15 29 
68 0 
31 32 27 1 27 12 
39 13 36 8 
49 16 17 
56 5 58 
20 
32 
36 12 6 4 17 
48 
46 
27 23 
29 25 
20 16 21 
69 55 
29 
18 
54 
70 40 4 
61 10 2 36 
46 41 52 24 18 
51 3 17 52 
18 
61 10 
42 41 11 5 
65 10 
57 5 55 33 13 57 
23 
26 14 54 
94 28 
49 10 52 
64 1 
41 30 
55 64 60 
82 85 
65 38 
41 23 67 
50 50 
38 
49 48 38 
58 32 
46 
25 48 29 
57 58 24 30 
53 18 15 26 
55 12 
72 32 
27 25 
67 67 20 45 
99 79 
47 
48 42 4 42 
62 20 10 35 33 2 
52 42 
47 50 16 26 
47 
76 39 
18 
70 64 40 41 
41 
94 49 
58 15 58 21 
27 
30 
38 16 2 37 12 
56 9 29 
54 46 
61 9 
64 15 
51 
33 0 
68 29 
34 4 32 
59 33 
49 16 
66 3 
31 
61 59 
66 3 
91 
54 
61 
99 
30 33 1 
58 59 57 
27 27 21 
52 
32 4 15 16 
50 50 
28 
70 68 
47 13 
65 36 
56 6 
57 17 
70 64 
28 28 
68 9 
74 26 
50 16 1 
42 4 19 25 31 
44 40 54 0 
31 
67 31 
73 4 39 74 
51 6 14 
67 63 37 
39 5 42 1 39 
36 10 12 12 
57 55 
51 47 
34 38 
77 42 
49 
32 63 4 23 1 23 28 
33 3 25 10 7 33 
19 15 14 26 9 
41 8 
90 14 
37 
81 
19 
65 40 
62 33 
33 7 9 9 
90 
29 1 
63 64 
44 41 10 26 
45 21 24 46 
87 
70 72 
33 
93 52 42 68 
39 35 42 37 3 1 38 
42 66 
48 
40 
30 
64 61 53 42 
36 43 10 
53 4 
73 
47 20 
43 9 
37 31 33 14 
34 19 1 7 
62 48 0 
84 
26 
71 71 43 
49 40 
23 46 17 22 44 
49 6 1 
33 
49 
18 25 
60 1 
35 2 
40 16 41 
59 
34 2 11 33 
60 62 
69 68 
29 28 
51 54 
72 35 
74 
20 17 21 
35 54 2 27 
39 42 0 
38 14 13 28 
34 43 9 
58 5 6 50 
40 40 43 12 55 
31 6 31 
85 
36 36 41 7 
47 39 
59 56 
56 49 
62 58 
27 48 
59 12 
73 11 
57 59 
95 
60 62 
19 
62 27 
95 69 
47 12 4 12 
36 18 
38 
64 
47 47 
27 
34 10 14 
42 
38 9 41 38 7 37 40 
59 62 0 
55 13 
45 16 49 
62 10 
19 
59 45 14 30 
63 22 
36 38 55 10 
64 
23 
53 
49 27 18 
25 
25 55 
46 16 47 22 
44 30 
50 26 14 12 
93 97 77 77 
48 
46 
83 43 
33 7 0 30 
86 
61 44 
66 63 
93 15 
25 
61 21 
43 
51 14 
62 62 
26 
30 61 34 32 33 31 
67 65 
39 5 49 62 1 10 42 
30 
44 10 5 
42 6 22 48 
65 
32 34 
34 
56 27 59 63 
49 2 17 
56 38 20 36 
43 8 
73 68 
39 
45 8 
55 10 22 27 
54 13 7 
92 8 
41 27 0 
59 49 57 54 
74 42 
43 6 14 44 
29 1 26 
58 61 12 
47 45 29 15 47 
93 32 
60 3 
49 
61 9 
39 39 6 37 10 12 9 
71 
58 60 
21 
45 56 46 50 
31 27 26 5 
53 27 51 55 
54 48 28 
66 42 
68 46 73 
73 13 
38 
20 
33 
88 98 
56 53 
53 22 15 
40 21 45 16 
77 
42 11 
30 13 6 
38 5 
26 
23 
37 
30 0 
43 4 
25 46 
51 
18 
28 48 25 
96 
31 34 7 
25 27 27 
92 7 
42 14 
59 12 
22 21 49 18 
54 6 24 56 14 17 
47 
46 21 9 22 
53 35 27 18 50 
29 
70 
32 
31 
63 32 
66 41 
68 67 14 68 
53 
47 11 4 49 
39 44 66 
37 35 12 38 
58 53 26 
33 
23 
24 22 26 42 20 
81 50 
38 
70 22 
62 20 
59 
68 70 
33 3 39 41 
66 67 61 
23 28 47 20 
58 8 
35 9 6 44 18 
67 22 14 39 33 2 
43 38 5 6 39 
53 55 
57 57 2 20 
67 47 
65 0 
30 27 2 7 36 
33 
36 
43 
22 
59 27 
30 3 
40 42 3 
31 28 3 
40 9 45 43 
19 
74 45 
52 60 
36 41 49 8 
81 12 
53 54 28 
18 
55 56 
24 
39 2 17 
73 17 
30 29 
30 51 7 34 0 
63 56 
64 40 19 61 40 
61 35 62 
18 
18 
72 68 
28 54 30 
40 10 9 17 
68 70 
64 81 9 3 
83 
27 4 
50 
66 55 
60 18 5 
47 17 47 14 
58 29 
24 19 42 
35 12 7 
40 43 17 47 
46 47 
38 8 36 37 8 
42 18 
48 13 45 42 
33 
60 45 29 
30 14 32 28 1 
36 
35 2 2 10 
54 
68 43 
73 37 
35 37 37 
19 
26 
46 
46 23 
25 
36 31 62 61 28 0 8 
63 56 27 
25 26 
70 32 
37 65 
44 71 15 21 
93 6 
62 64 
56 61 
36 35 36 7 
30 11 
33 30 
26 
25 
35 9 27 0 
54 14 20 50 22 
21 23 47 
68 32 71 
29 28 
47 
45 15 44 12 
44 17 
55 49 
39 
68 21 
44 
20 48 59 
40 7 43 9 31 
55 54 
23 56 
19 46 
31 
67 30 
44 43 
34 59 34 5 
67 33 
64 48 26 
59 28 
19 
71 74 
40 16 9 42 
49 16 23 
54 12 
26 29 25 
57 54 
65 
54 
46 28 
67 38 
54 
56 46 2 9 
43 18 41 24 17 
52 
44 
57 
42 
19 
38 
56 54 
32 7 12 
66 38 
53 25 53 13 
72 8 76 
45 20 
24 
41 53 15 
53 28 15 
88 53 
40 10 42 
92 2 51 32 
37 37 
51 
66 
58 
69 
99 
67 15 
53 34 20 53 3 
95 19 
55 
23 
36 
39 13 
30 38 
99 33 
29 
69 
47 12 35 22 
46 23 
27 
55 
54 7 49 
72 47 74 68 7 
54 
36 33 13 13 
60 26 
54 
44 
27 26 
50 
41 
22 26 
40 34 8 
56 58 58 5 
38 39 13 24 31 37 
60 58 59 16 
55 20 
68 8 
56 13 50 4 
47 9 25 
46 16 43 
25 
55 23 55 
96 12 
52 
66 42 65 37 
99 73 
59 
67 28 
34 
36 36 11 17 
70 13 
48 
64 2 72 39 
35 2 16 
80 
24 46 21 23 15 
44 16 2 22 10 1 32 
45 6 30 55 30 
57 26 
75 56 
53 
51 3 
47 47 
51 51 9 
55 
41 32 
19 
35 
72 58 
71 
33 
55 5 54 5 
71 67 
53 
27 28 
50 14 0 17 
43 24 37 15 9 
49 31 49 
67 69 64 
54 14 
58 1 
24 36 21 12 
45 58 
50 43 
85 33 
59 33 
54 
39 17 37 27 4 
57 54 
45 50 25 14 26 40 
71 7 7 
88 45 
45 44 
70 
38 10 
72 2 
60 8 14 
25 
25 25 25 
30 
63 60 61 42 
26 18 29 59 
72 66 
39 40 39 37 33 3 
42 5 
43 7 7 32 
73 21 
30 41 7 31 31 2 
58 45 
42 30 43 
18 
83 69 
47 3 0 26 
44 14 16 
56 
45 17 21 
74 8 
65 26 
55 54 
71 
97 
66 
51 21 10 24 
57 
33 
55 56 
52 6 66 4 
51 21 
33 
54 23 48 52 
37 38 35 39 
31 32 
94 16 
37 38 6 40 
34 33 3 
37 61 34 
39 35 30 14 36 4 
37 3 
51 14 20 53 
64 
31 7 29 
60 9 
26 
44 
38 63 18 42 
65 31 8 
26 67 
27 47 0 35 
69 9 
26 26 26 4 
57 25 20 
49 9 
23 21 16 
42 35 
46 31 47 
58 23 28 
32 6 31 6 
74 
41 9 48 17 
18 
25 32 30 32 
40 3 61 
61 51 
61 59 
50 
54 26 49 
84 54 
63 30 61 
61 1 
62 
53 20 33 
32 
33 
45 39 
37 0 39 36 
59 56 61 
67 22 19 
43 
63 
41 
53 
65 42 
59 2 25 55 
46 4 3 47 
45 13 46 28 
40 15 6 40 
37 35 12 3 
50 61 
86 73 
47 12 
45 48 
58 60 30 26 20 
47 
35 5 1 38 22 
21 23 
72 28 
46 12 18 47 50 
71 
41 16 
29 
19 
89 56 
41 7 
59 57 62 45 
47 
42 9 
34 33 
60 0 14 
52 
18 
26 25 9 
23 
32 
30 32 
52 13 31 17 
42 40 
31 9 37 12 
25 46 
18 11 18 
62 
26 0 27 27 
57 
53 19 14 
69 50 
67 68 
28 27 16 64 
69 
28 25 6 34 3 26 
54 49 12 25 17 0 14 
33 0 3 
34 33 39 36 29 
64 42 
71 13 
35 32 
24 
65 
56 
79 75 
70 9 
37 11 39 40 7 9 31 
58 28 
38 39 0 
86 52 
68 
49 34 7 26 5 
68 33 
92 99 
73 39 
70 32 
52 
58 6 
56 
22 
30 62 8 2 
63 
54 28 
32 
28 24 31 
59 54 
50 37 
67 
18 
88 45 
32 
54 50 
58 47 
74 28 
95 23 
34 7 
29 
33 35 
42 51 2 
53 
52 44 
67 43 67 
94 4 
64 0 55 
31 31 4 
28 36 21 
50 23 57 
18 
56 30 
57 2 11 
93 44 
49 15 16 
43 
35 8 38 34 15 
48 
32 1 32 
51 
84 24 
18 
86 
33 36 45 
63 10 16 12 
60 63 65 26 58 
39 63 40 2 6 
63 9 
31 34 
61 59 
53 
19 
60 7 
30 31 
18 49 13 18 
78 23 
59 25 
39 
64 4 61 
92 
55 47 
26 
68 26 
33 14 
66 4 
42 6 9 12 
46 
30 28 
57 57 
93 73 
27 
45 
41 38 40 17 43 
62 63 
66 68 4 57 50 
51 
50 37 
56 67 31 
25 25 24 28 22 
69 5 
43 38 
59 3 
51 55 0 10 
38 37 47 16 2 
46 
73 16 
52 
51 
65 41 
40 40 39 
23 50 19 49 20 23 
50 54 
90 40 
60 15 21 
22 
29 
53 20 3 3 
51 53 
60 27 33 63 41 
37 42 4 0 34 
57 0 
29 33 59 
47 0 
39 19 36 25 
46 
53 11 
72 17 74 60 
33 7 10 
62 
61 31 
33 
34 5 
19 
78 95 
28 28 14 9 51 0 
46 45 23 42 
48 1 24 45 
71 28 
54 28 26 
46 25 23 16 16 
27 
69 
55 1 
68 42 
89 
41 7 12 43 
39 14 
34 
58 55 
64 36 
77 7 
38 26 44 6 
18 36 
52 
34 2 28 
51 73 30 
35 39 7 9 12 
82 
59 51 54 
96 57 
18 
19 
55 53 22 
52 32 
50 17 45 13 
24 51 
49 
35 41 38 
34 35 
52 25 
46 51 
28 
87 48 
50 0 50 
31 13 0 1 34 
42 14 39 3 
25 34 22 
33 0 3 8 
47 23 
64 63 13 60 
21 20 
50 25 54 22 
19 42 14 
27 
45 19 
49 14 
36 44 
66 
36 
56 61 
38 
45 44 
59 2 
45 10 62 
94 12 
40 
53 6 14 51 41 11 
61 29 
70 36 
19 
39 
47 45 47 
47 17 
63 32 35 14 
81 
37 37 
61 4 
29 60 
56 30 
61 3 61 
41 
51 22 
73 15 
20 
46 49 
31 36 1 22 
39 13 40 45 
90 48 
96 45 
37 
20 20 
36 23 0 57 
28 
61 26 
73 42 
49 
53 
37 42 14 
68 
70 72 
49 
37 25 42 34 
93 36 74 34 
25 18 26 2 
44 11 45 17 
80 40 
67 
42 
31 
79 42 
58 58 13 8 29 
35 
56 52 
18 
48 8 58 47 
46 38 11 4 
19 
64 61 63 59 3 
66 31 60 
47 38 8 
31 8 33 34 
29 
95 67 
38 10 14 11 
57 
65 49 
65 
42 53 7 
57 28 
44 45 11 39 42 
22 20 
23 
33 34 3 
45 
47 2 14 20 
44 
49 11 41 17 33 
96 
35 11 39 35 15 8 
31 26 
53 17 
47 23 
69 59 
54 53 
63 42 25 59 
24 50 
53 5 
51 25 11 
49 
31 
48 6 16 24 21 
74 11 
56 59 
28 
57 35 23 
46 
42 
21 
67 60 
67 33 33 67 
48 6 22 
63 61 
74 29 
48 47 20 33 31 
52 
43 
45 37 
23 
60 
49 
71 72 
26 9 
53 
69 1 
68 43 
45 28 46 
27 58 55 26 
60 66 
61 57 27 17 
35 28 
48 26 17 10 
95 
33 37 
32 2 
79 9 
23 40 
57 58 
40 
47 11 
89 32 
83 8 
45 
35 44 37 10 
52 
57 30 
47 
48 47 17 40 45 
84 54 
30 23 17 4 
20 26 
41 
72 
21 
66 36 
40 43 16 
61 2 64 
56 29 
49 53 
98 67 
48 
72 
30 
41 17 33 
74 36 
30 33 
49 42 50 48 
43 
78 50 49 
25 28 
62 65 18 5 
22 
74 66 
64 21 43 
69 13 
66 32 
21 24 5 
37 2 6 
40 9 9 
36 5 14 60 
62 14 6 
31 
62 6 
69 40 
44 
68 71 11 
37 40 
53 3 22 
49 2 
30 13 
42 42 
55 8 
84 7 
19 
53 27 
26 
30 
27 26 1 24 6 48 18 
46 49 25 3 49 
92 22 
33 29 36 6 39 
38 11 
18 
52 42 62 
24 20 
45 
27 28 
39 1 
74 9 
20 
35 28 37 
61 61 32 63 63 
72 7 
34 10 
32 
37 39 15 35 
26 
46 47 
67 60 
60 63 28 
63 
39 7 18 
54 55 15 23 
96 19 54 10 47 47 
43 5 40 11 6 
65 66 43 
50 21 6 
86 6 
30 8 32 24 
32 34 31 10 
72 37 
29 
55 59 30 
38 39 38 7 
50 22 
19 
74 71 34 
62 
78 
34 
69 42 32 23 1 62 
33 
42 
26 25 6 54 
79 70 
53 22 
70 38 
19 
54 
91 15 9 
22 26 6 20 
46 24 17 
23 
18 45 54 39 18 
30 28 
83 44 
66 
32 
59 2 
33 10 
36 
72 51 
45 3 16 47 
63 
70 7 
40 0 31 26 8 
39 
69 58 
37 10 3 33 
48 30 4 25 
64 16 
49 
62 
48 9 22 49 
48 
62 41 
92 93 6 
35 48 43 8 
44 32 
58 55 
63 6 30 11 
39 17 42 38 
39 11 79 4 
75 11 51 1 
24 50 21 25 64 
73 
53 52 
19 35 
29 28 54 
25 
31 37 30 6 13 
19 
70 
35 7 35 
52 49 17 
45 24 14 15 
43 
41 8 6 6 39 
54 30 17 6 
48 25 49 6 
36 33 10 3 
56 12 
98 56 12 48 
62 64 58 8 
27 27 
39 
45 
58 57 
39 30 
68 71 
56 53 59 70 22 54 
49 29 49 
66 20 68 
54 53 39 
47 10 24 
48 
52 
57 
64 2 
63 58 
27 20 22 
37 39 6 37 44 
44 
49 19 
22 
91 
37 12 
61 31 
57 32 
88 83 
99 14 
50 28 
62 46 
74 74 
51 
63 60 18 
50 
41 15 44 44 
49 48 12 
62 34 
57 63 24 
25 21 31 
52 
43 12 
64 53 
27 8 61 
59 56 
41 13 13 4 
64 35 
31 
42 
71 10 
38 12 36 12 
58 48 51 
61 3 61 
64 
72 30 
97 65 
35 
76 
38 37 11 15 
42 11 
70 22 
49 
57 10 
49 
35 2 11 30 8 43 
52 14 28 
36 
55 57 
94 
60 65 61 
64 54 15 63 3 
62 30 
86 57 
90 1 33 46 81 77 
48 12 15 15 
37 34 28 1 
37 14 41 13 
69 48 
49 
30 0 
68 14 
53 9 
60 31 
68 42 16 
65 66 
56 
65 
78 23 
49 44 2 2 41 
59 58 54 28 62 58 1 
38 
62 27 
32 19 34 0 29 
57 58 
33 32 5 5 
27 28 
50 23 
40 11 9 42 
66 29 
33 3 57 4 4 
31 
71 4 
64 17 
22 18 26 
90 39 81 30 44 
18 
62 8 12 0 
50 
38 
61 
63 2 
55 8 
25 
36 6 13 
50 22 51 
42 61 4 43 
47 
30 
53 34 
36 
47 30 56 
60 29 
26 27 11 
44 
39 42 9 18 
36 36 56 6 
50 
49 
32 6 10 
34 28 9 0 26 
59 29 
24 
38 14 
69 69 
67 
60 59 37 
21 46 23 33 
42 
52 
30 
52 52 59 48 
47 27 
69 30 
34 
40 
57 15 55 35 
38 
88 92 52 
83 4 
41 
48 
30 
32 31 8 4 
69 24 
39 7 37 
23 21 42 
20 
42 
69 39 
66 4 
31 34 
28 
30 34 12 5 25 
19 
42 
70 15 
41 44 
66 
48 13 
51 33 
43 
57 3 46 
39 36 44 9 
22 
41 45 
83 50 
48 
77 54 
37 
34 26 26 45 42 4 
57 
32 39 31 
48 48 13 34 
91 
35 4 3 36 
41 
28 38 51 
27 54 
18 
63 27 
59 34 14 
33 39 
56 
53 7 54 
43 
37 13 37 5 10 5 
37 
19 52 27 17 4 
27 41 
57 57 
22 24 
44 
33 30 15 
43 34 
58 5 15 
51 25 
89 21 
55 29 57 
43 35 39 19 
40 
53 48 
30 33 4 
31 35 20 32 1 
56 58 
45 28 60 61 
36 13 36 7 
43 46 40 
59 12 28 
63 27 
35 1 
27 
60 
27 30 
31 
29 
78 72 
61 43 
41 46 
29 25 5 
47 43 19 30 17 14 10 
34 4 31 33 
19 51 4 35 51 
42 36 38 
38 11 
82 
89 0 
95 76 
62 59 
92 49 
71 37 
31 38 5 0 
70 
18 
30 31 
42 37 41 28 
48 46 51 
45 49 23 47 
36 
31 28 
26 
43 2 
30 31 59 41 
52 
19 
24 21 29 
56 55 30 57 
36 
41 
51 6 
32 28 37 
93 10 
45 36 
66 58 66 
77 50 
59 
29 30 24 
52 53 
36 37 5 59 
47 47 
56 56 
31 31 
41 26 13 40 16 
46 28 18 
31 9 1 25 38 
54 50 45 
29 54 24 21 28 
19 
21 
39 14 14 
95 
30 
80 38 
42 
46 
19 
50 20 
40 13 11 12 
27 27 50 2 
50 7 57 15 5 56 17 
59 0 57 57 57 29 
69 9 
45 26 25 30 19 45 46 
44 2 12 1 
40 41 45 40 
41 43 45 12 
69 41 
18 
32 26 20 30 
69 62 21 
55 
45 
34 31 31 5 
51 54 59 23 52 51 
36 9 40 
69 11 
22 
28 28 27 
66 67 27 66 0 
39 
56 12 59 
18 
63 40 39 
22 21 54 46 
38 3 
50 25 
57 14 
53 22 
44 42 
44 49 31 
37 12 11 11 
27 
35 38 37 
37 
22 
33 10 
27 15 
19 
68 
69 
28 22 
69 7 
45 30 
48 17 16 
37 9 35 
43 42 29 6 0 
35 34 26 6 9 5 
44 
59 29 55 
66 67 
67 
54 36 33 21 
68 
27 23 5 
71 7 
33 25 32 
34 
94 
66 
38 33 
88 38 
54 48 52 
51 50 15 48 
60 27 9 
45 14 48 45 
87 15 
54 
62 
38 38 6 14 38 
61 26 
49 51 52 6 26 46 
28 
18 
41 5 10 29 
40 40 43 
34 26 23 61 52 
55 7 
31 33 
54 53 13 
32 28 28 30 9 10 
61 66 23 64 
22 
43 41 
52 53 27 
19 
63 63 60 1 
35 13 12 5 13 
61 25 
60 60 
67 4 15 6 
35 
19 31 12 
58 
53 
48 6 17 47 47 
29 33 4 29 47 
59 17 57 
70 74 
69 14 
39 39 46 34 
28 
56 1 
69 10 
69 36 26 
33 30 
51 
38 35 
55 27 56 
31 32 7 31 
28 
49 27 46 16 
18 
29 
71 5 
83 
67 15 38 3 65 13 
84 0 
38 37 34 
55 59 1 
50 54 
60 61 
63 46 
93 16 
37 10 7 31 
28 
86 
62 63 
41 30 
36 8 11 38 38 
60 31 71 
39 5 18 8 
65 32 
55 
47 11 
72 
64 14 
38 
29 3 
48 
54 42 
31 
18 
62 55 11 
86 
25 4 
22 
51 51 16 72 14 
24 15 21 
51 
70 35 
32 
59 22 
40 42 9 26 
46 49 18 21 
28 28 
47 47 17 
58 29 
42 9 9 
48 48 49 60 
50 17 
64 46 
46 48 11 
28 
35 17 0 35 40 10 35 
24 13 16 
60 6 16 
67 5 68 
47 
29 21 29 
43 18 34 39 
32 32 
94 
91 
35 8 32 32 1 
71 24 
41 20 
32 2 1 67 
41 1 42 37 7 
35 40 
61 59 0 
69 32 
64 29 
37 37 
80 52 
45 47 29 
44 43 12 
24 
37 
58 35 
35 26 38 
93 8 
63 58 
52 
70 
47 46 26 49 5 47 55 
19 
23 
19 
26 32 31 
43 41 42 
60 20 52 
38 36 1 7 
22 
53 51 
35 38 4 16 17 8 
74 43 
32 5 3 
82 
45 
67 70 
78 12 
46 11 53 6 22 
73 26 
59 26 
30 34 30 12 
40 21 
46 
78 
52 21 
67 41 
26 27 30 
38 5 
34 20 27 27 
89 5 71 
65 66 
36 
70 6 
68 69 57 43 67 44 
50 10 
53 8 
40 40 28 
36 
48 
61 35 
52 
27 
81 
39 7 37 
30 
61 19 11 44 
54 27 53 
89 11 
52 2 24 52 20 
35 37 33 
29 
57 16 51 21 2 62 
28 0 10 
61 60 
44 4 46 14 31 
19 46 41 63 
63 64 11 
25 
67 67 
67 12 
31 33 33 
66 3 
33 
