5153 8151 2652 5244 6550 9593 7848 7120 
4553 7891 
1299 
8339 
5232 5407 3243 3239 341 7623 4328 6988 9667 4714 2983 6991 5127 9807 3159 8744 8165 
354 
4925 3634 1221 
32 5604 26 9282 9060 6903 5657 5473 1705 
3456 7232 613 
8347 3614 6029 5942 3599 6119 3994 
4022 7045 9942 
2698 1355 1902 3973 3322 211 8 450 8017 8911 8520 241 8639 8532 9692 7894 7782 1282 2649 3028 1685 2931 5680 9941 9431 1531 1663 9133 9441 319 5313 6617 6230 9673 9590 1059 3090 9925 8817 8788 4177 7727 562 9151 9173 
8098 
4301 3542 797 8767 1038 7026 6854 
4008 8540 6499 
4954 8563 5512 
3271 
6312 7689 1128 104 9147 7285 4767 6274 
4707 3464 6793 
4445 8188 3889 831 
2029 2569 7483 4981 9479 5289 
4958 1424 7600 
1321 
1602 7407 7663 320 930 
5581 7248 5075 1518 137 4720 
3192 8229 7125 4673 
7376 3014 
4869 
5631 8287 942 3881 8746 9447 
6639 5850 2637 4575 6915 8236 285 9077 9067 5439 9002 9565 5071 3732 5464 9439 7438 2831 1693 
707 4094 4532 1893 724 5116 4107 1540 6905 6972 7819 8885 212 8957 1520 3462 6118 1374 5454 1241 5217 416 1126 2360 7960 8399 6095 3269 2518 3483 6010 9189 5441 8712 2032 4195 4727 4031 5374 2996 7427 1382 6235 4530 498 9654 563 3486 2192 7670 2203 4403 1768 5328 6535 5225 8009 3858 8715 1042 9824 8533 527 4644 8908 1800 3723 9818 9108 1727 6548 5563 9861 5488 574 7946 925 3441 3343 2018 1953 
8429 7265 7837 6279 9732 1752 8025 
8987 9539 6845 7725 
5297 732 257 
1396 
269 8254 6494 
3802 11 
1165 
9168 5242 6459 7505 
1511 1150 4161 
7383 8110 4076 9899 9099 8935 8827 5705 9310 4062 
6425 3085 3285 5543 6974 776 486 1112 
6684 4603 8457 
5571 5401 7475 8505 6391 2289 8215 9419 8029 6457 1722 7258 6964 2422 8194 1594 6038 2140 4067 1326 2264 6125 8365 5548 5773 8392 1554 5126 1235 5197 9053 1189 4685 1454 
3864 3844 9939 9841 7872 1831 1118 3454 7784 6091 8103 4157 208 6747 8605 5926 8166 9120 2220 682 9304 3780 2708 2905 2205 1789 1626 4968 2535 1069 9068 5829 1494 4329 1108 1788 9658 6587 
407 
1018 9156 8889 297 9361 2721 7651 9105 3033 6839 7460 5687 2911 4857 3172 1566 8064 6342 1929 4975 2442 7778 9463 9169 5940 833 7613 1158 5693 4558 6200 5137 9058 9480 9933 6231 9607 8970 5625 7962 3478 8086 7231 4352 2238 6065 6543 3792 7762 8981 7242 4287 7735 9962 6746 6504 7816 2436 9551 3265 2734 789 2298 8561 3724 5038 9677 811 2739 838 9444 6808 8596 4488 9835 2902 3553 5268 8216 4921 9097 3197 7765 7261 9312 8794 9270 9117 6804 5114 2689 8686 5391 761 6270 4622 3652 5995 8018 143 7116 8877 2833 3367 7906 3992 9653 6074 9976 6486 91 9272 9830 7454 3740 4311 3226 3569 7095 164 1696 9948 4941 4162 4361 4063 7415 1203 1499 3565 8591 8733 2131 161 5285 4096 8333 9100 8800 8534 9990 5654 1870 8763 5482 1065 9484 6717 716 7791 890 3496 3783 7029 6929 537 8902 3684 4759 1673 2105 2402 7470 8320 5593 4950 7210 1375 9313 7972 8082 4871 8192 4920 3078 5301 7165 5124 9866 9715 3712 1423 790 6922 9324 7832 6682 9042 3885 4026 8720 8774 9606 8684 5222 9519 1303 1136 992 7637 5704 358 8350 1134 4875 6424 9710 192 8648 6456 5664 9283 8976 3373 9885 8730 3729 5634 3256 1622 7004 5326 230 5304 9872 8831 7605 2703 441 1103 99 2407 4455 6135 7611 1297 7608 5243 8191 1176 770 7834 4508 685 4394 6916 9911 4306 5160 2049 6364 1135 1407 2177 3891 2711 7287 3544 7356 9266 8245 1434 2173 5921 7465 2688 8240 1357 1368 8262 6179 3444 236 7518 5747 823 2876 9650 5619 7713 7739 3621 8610 4146 6307 1683 6054 9817 5298 7870 54 8546 4136 6856 7841 2456 7271 9040 9736 5591 2918 4170 7072 9118 7067 2710 3484 8045 7550 2141 4134 162 9635 819 2358 1651 7845 7733 9786 4228 4412 1441 9380 2951 14 8597 6877 4486 9745 8193 3360 778 2319 6610 2925 8272 5801 9216 779 9585 89 6681 7862 7489 3156 8231 897 3277 3405 6803 6859 5016 7925 5535 8179 4011 3218 5748 1130 109 7933 9186 1607 3987 8402 1027 4989 9780 5282 747 4424 846 8084 7666 8723 1548 2207 6997 9138 7124 5002 9426 6284 1718 5113 1319 8460 2368 9924 8033 7199 3952 3520 9046 7353 1397 3775 5721 2949 252 5294 1020 5490 1846 938 9383 4667 1496 2851 17 6501 1487 7740 4351 5181 9603 941 4354 5447 8822 4916 2381 3395 7469 7842 6781 8410 7751 637 9107 9949 9326 7542 9123 2077 8555 8876 1477 8556 6811 4093 7272 3531 5031 1188 9327 5509 251 9641 1887 8053 8660 4223 7701 7314 8538 391 4691 8974 8771 3122 6680 5342 4683 8547 986 8158 2757 3453 1260 6589 3424 2274 9231 239 6953 726 7126 7860 1666 4876 429 5562 1811 7088 4980 8297 9291 7993 4072 9512 2661 5884 3017 2549 1105 4385 7865 1290 9038 4240 6558 3588 2854 7669 144 4035 6626 94 9602 6426 5211 4512 6878 1913 6082 4043 3332 3116 3171 6615 1427 7956 7714 9278 3840 1073 8147 5099 5054 8466 5422 3299 7389 8232 9549 5527 5711 9179 1909 3658 3186 6735 8502 1261 5111 3019 565 5831 2737 3924 2817 7805 2561 2806 7773 3615 6371 8344 9528 4456 5325 5934 4543 6297 6871 359 3119 4432 1700 800 8740 5500 1910 8185 2459 9998 3153 4064 4267 5589 5174 9964 6214 8934 2001 7024 7720 8655 246 261 4360 9102 2477 2356 8487 1088 6518 9742 6202 4528 6935 8411 6579 9821 5802 7219 2843 7917 4661 342 5272 2558 952 5736 6335 9944 6506 3904 5699 4071 7624 7288 351 3981 9809 3983 5015 4853 7973 3387 9221 7121 9432 3459 9315 1558 891 3104 4627 5104 8896 2180 3871 9207 6495 4521 3214 8814 4452 3639 865 4265 9178 6505 29 977 2998 4669 3535 6072 7643 4926 5566 5984 5719 8391 3655 636 698 1122 8526 335 3678 9115 6181 8243 4864 1817 7337 4164 6077 1989 5845 7114 2614 34 9888 237 4818 1735 7484 3072 1613 9358 1197 1635 1694 3923 1302 3248 9775 771 7388 9876 127 6890 6389 8864 3391 7944 8766 9946 5361 1246 6614 1446 8609 6302 9252 647 7414 515 60 8975 2111 5118 902 4680 2086 8580 7173 4967 3643 4017 2469 8531 1636 8182 5513 191 4619 2600 5048 3561 9400 1247 9367 2961 5138 1432 9404 4229 1941 9680 9621 7234 1927 5794 3169 5651 7479 5423 9049 6210 6249 9032 9485 7472 7420 5380 3070 6794 5046 5307 9982 2461 2533 8887 1202 6015 2161 3507 5754 5515 5753 6968 828 2237 2766 83 2080 3413 9521 9936 5223 5800 2963 2536 8126 5478 9510 3607 5645 7336 590 6351 9080 7202 2085 4065 808 5208 7345 5199 5062 8046 7193 8246 1268 8425 5672 3954 1795 8717 2076 814 4423 4733 9325 4362 165 645 3508 7502 2699 3476 5686 2936 9079 717 3686 196 8522 333 9464 7702 1019 2452 2664 6564 6036 7316 5660 5390 1995 3837 4197 7792 8910 8787 1380 4101 2318 2654 8412 177 853 802 5003 221 336 2793 8155 735 3056 6344 3619 1194 538 5215 1172 2769 3406 3912 8700 6046 3264 5826 4758 6480 7674 9407 7638 5408 4789 8483 5168 9985 5384 2889 2242 9610 532 157 8727 5434 2337 2678 3911 7926 7653 1605 785 7078 9356 9838 2183 2820 1490 6950 7299 2375 6167 1127 8331 9451 7710 113 7034 3 6250 2512 8721 2037 6508 9467 7893 3754 3863 6560 2770 1359 3602 2671 1080 7069 6170 9959 2530 3030 2785 1388 4088 4836 7238 8656 957 4814 8218 1208 4580 5318 4479 2103 8630 2593 4671 1881 3314 3288 1480 7395 7212 9940 5674 5653 1352 4894 8567 6585 6243 7260 6276 2697 6574 159 5076 868 6152 61 1200 4888 9057 2777 2055 969 3936 9923 189 1947 9968 7890 6090 3825 3431 7211 3860 3324 3866 1772 2865 5561 7562 6621 1994 1391 4122 6608 2551 4120 9011 3217 9243 5540 4730 7226 5609 5516 3378 2779 3664 4732 8479 4519 7408 7997 1372 4729 9369 8484 6788 8244 6121 63 5536 8239 6870 9991 8673 1087 425 4218 1329 1378 7297 2216 7155 5968 2334 9379 1681 5648 7122 6825 1337 8920 1749 6242 6895 2035 3760 2908 7177 9341 9810 8541 8022 7553 8895 1474 2755 9505 6188 4842 5827 7131 5004 3537 4358 3868 3436 294 9104 5 6159 3278 9295 7875 2094 1601 3815 8277 48 4172 3445 3345 1720 6654 3630 1410 3794 4536 5324 8023 7037 895 1369 1057 6669 604 7442 1048 8757 7064 4884 5417 4931 3770 282 4461 5990 1624 5237 3372 1645 1224 9917 3908 485 4964 326 2229 8564 551 3819 7458 2507 8360 8907 5130 5058 8326 1618 8914 9855 9279 6595 5599 2738 8593 2606 6216 2758 2906 9256 6012 8291 599 6880 112 7510 9045 1631 1259 9420 4248 6061 3929 6727 6050 2440 9437 5426 9600 134 691 1770 9870 1100 4596 7111 2485 3178 8104 7882 4656 8174 8171 7923 6183 9740 5032 1616 8195 4983 1671 8235 526 7112 9755 4261 3118 1017 2853 9955 5856 3677 7536 6388 5277 6513 3045 8544 3613 6067 7543 9148 4299 7591 2701 3703 7158 6280 7726 5528 7059 7372 8072 399 9734 2612 7331 7100 9210 3437 1444 293 5646 138 6487 5691 9645 350 9574 3077 976 205 2997 6592 3534 6435 8386 9386 5768 2269 5832 8762 7703 1004 5150 5851 6982 6037 4315 1479 3208 1470 6984 3215 1117 7631 4081 5632 4138 4475 6142 2574 5165 1984 2296 5717 1093 4567 6863 2219 4016 8054 2912 7679 888 9301 4909 9784 2470 4787 2528 7592 993 2364 8816 3185 8133 3087 8810 7578 1030 2476 6296 8120 160 9910 4480 9920 8352 1855 6544 4649 4527 1265 3687 6598 7374 5235 1476 6005 176 3249 7183 117 4703 3374 7698 4487 4336 8837 2926 2829 889 6770 6652 2125 978 6393 7803 2423 6908 8039 5869 6597 4349 9039 1244 4295 1146 4476 4715 1166 2563 9564 7178 2453 531 4145 9758 2075 6030 7958 7425 9601 8942 7361 7394 9172 8598 5816 9655 4533 9318 7850 7896 1854 546 5373 173 7667 7959 586 1627 3449 1516 8537 5132 8286 5055 1888 8958 9733 9716 306 2966 9334 9746 6850 8851 8954 5828 680 8496 2226 5682 3596 8049 4148 8092 9072 8587 4149 4608 4386 4872 2138 8539 7042 1161 7303 184 6467 6632 6099 1222 9352 5796 1928 4655 3666 4849 9286 8464 9983 1405 4429 6262 6251 7843 4766 213 8566 3765 6498 4231 3668 8959 4917 8867 3949 792 1377 2837 8943 1273 8781 1029 8500 4676 4503 8795 2945 8657 6184 2223 1022 2048 4844 2559 2202 2433 3672 9374 5533 7094 6330 5620 5907 66 866 2380 3785 5274 18 3069 6236 8719 8157 6108 4226 862 2352 5823 9529 5010 774 1808 8060 6909 6739 2384 5887 6894 7965 9360 6886 2515 7280 8091 5433 4494 5771 5819 3910 4469 2655 6533 4552 5354 6166 7814 962 2396 8947 9547 8956 9204 4614 1243 7250 8020 6673 9950 9729 9538 4137 3394 705 2383 6431 1155 8356 943 3246 2590 2776 242 2166 6143 4570 8111 3039 6147 1583 1924 9595 2492 2810 2484 4032 615 8228 791 6925 1367 1413 1897 4255 6066 5975 3144 8093 982 499 6127 8001 6743 7641 2467 9241 4443 1307 2508 8405 5944 4588 1611 622 788 9494 915 3452 4910 3567 395 272 6920 4448 2797 4180 9636 2648 7384 8047 9532 3222 4606 3018 9750 2495 105 3506 3640 9092 9613 8308 1649 3610 5677 8521 152 1996 427 9316 9670 5443 5555 7929 4745 2285 7954 7897 8558 3199 31 4851 3748 190 7721 6547 658 5904 820 21 4571 3298 1394 4706 8862 7540 933 2446 1162 55 9724 2665 671 1293 2197 3177 9220 4098 8255 9013 539 5094 
7000 
7812 5477 
7382 8941 6591 7556 6519 
7194 1521 1844 
2151 5776 4775 2596 4056 8973 6071 456 3559 6233 2235 2620 2070 4053 9738 1213 7169 1422 9640 6644 1249 3498 5089 6979 9193 1812 9043 445 748 6162 5125 7467 9850 7798 2434 652 7005 4994 6430 6876 2680 3761 6317 2225 7531 1438 2336 6738 8859 3564 3111 5172 597 2191 3475 2650 7940 3711 9271 8708 1185 3190 5539 3328 663 6290 8542 5056 4889 966 6568 1398 5492 7857 9000 140 8775 9188 2592 1151 9730 1977 5169 6524 9244 9442 5861 6534 2341 2709 5161 997 2339 3532 3198 8577 102 8927 7203 6581 8560 8777 7099 1040 8988 1678 8354 6965 2425 2405 5779 6022 8872 5738 3539 5363 6944 448 7799 7646 744 1867 3822 379 4406 9802 2424 8780 5025 6304 4431 3220 4400 1841 6060 9440 8260 7119 2279 1985 5727 3025 2510 2836 9109 7545 2454 348 4245 6337 8393 818 5743 6340 1859 7951 6840 990 5192 6613 8878 7859 2025 4704 1510 2947 6751 6650 4879 439 8968 2370 1509 9052 2626 2316 3834 9202 6993 1955 4491 5764 4812 2170 1292 7422 3955 5429 5251 9176 5982 5733 1676 8633 8445 8197 9678 2243 1590 2127 3811 6575 2348 8305 2588 6006 0 5770 5952 9713 3492 9129 1256 6406 7439 7995 9264 6261 4343 7501 9459 7154 4003 2846 8069 8295 5186 9696 7722 6021 6687 3127 6209 1041 9686 1615 9825 8062 6978 7847 3638 9878 3957 4942 547 2643 577 7294 145 
5912 
1917 4357 4698 
7488 
4657 6924 2869 
5216 7352 1891 7170 6145 7969 3168 861 4990 688 7571 8321 6092 2695 3084 926 1542 5812 5795 
4327 7066 8784 
6648 1806 4826 
9969 4808 6493 2387 6418 9393 6470 9436 2147 
8214 8439 8362 9609 3978 7091 7235 4919 5252 6774 4446 
736 
3095 7630 
6349 4749 2875 9965 6345 4806 3093 3571 5090 245 6884 6137 3970 5919 2335 9705 7601 3016 2300 
1850 500 6239 6826 3769 7750 6213 9679 2248 7823 5953 8909 5804 9297 8726 9257 166 
7007 7279 2310 
7011 
7548 
516 8311 4744 148 2241 
1781 4045 684 
8076 9427 4631 
7840 8149 8773 4803 
634 1328 9557 5506 6080 9751 443 9561 3893 
872 8944 8570 2185 1173 9579 859 
591 9146 
476 2540 5757 1843 554 1187 4324 1974 
8008 9421 
6694 1579 1697 5520 
6227 3309 4746 2962 2990 8982 3637 6343 9449 4338 
5808 7104 899 9886 2639 5467 4036 4936 
3750 9 
3384 6205 683 644 
8395 6049 
1869 8631 656 41 6515 
7583 2386 
8199 
6003 7410 4383 9293 9230 5697 5185 1231 1775 5416 4202 6171 9001 7461 4777 7139 9363 8623 188 3502 8705 585 4829 8459 1039 7508 3182 9934 9558 6016 6400 385 2924 3882 2897 8071 1708 2354 5207 
9093 5556 
9062 4390 995 7770 8918 6102 4701 
9228 2047 1586 8184 9048 8067 4974 4025 3545 782 596 6611 5295 
5806 9534 677 
352 2465 7416 
1101 2751 6140 8307 1973 7145 7541 6985 4499 3342 3773 4119 9828 8242 2201 2712 1272 4515 4890 6918 5250 1075 4887 3398 2589 4376 5775 19 5202 334 418 6633 8101 6566 8409 393 9472 4256 2015 
7763 1389 
5910 6000 472 2466 829 7332 6460 2366 1612 101 6133 9676 1186 9384 9974 3967 4330 4718 2102 8969 2281 7945 3150 8509 4054 4577 2743 1220 7779 210 9706 6177 5209 7110 1525 1822 4484 7957 628 5545 3727 2748 4188 5193 8739 2509 9051 3956 7058 357 9972 8266 8421 9665 3461 2513 921 2257 1498 2985 4117 6315 1082 6745 9731 3642 6245 4963 3772 7604 2104 480 9581 7921 5279 2031 6647 7769 405 7538 1459 4831 4602 6131 4441 2858 7307 67 9819 2989 4450 8414 9511 2039 6443 8359 6004 457 5051 2830 6511 617 1625 5167 8156 2110 5918 4863 9423 447 600 2768 7990 3227 1050 9190 3377 3781 4104 9898 2847 3458 3669 893 7877 1766 4289 690 1641 7220 9217 869 5820 8289 8283 3812 6409 462 1969 5355 2194 9754 9882 1098 2400 7942 3151 4171 5616 5614 9508 5392 4242 9902 7681 9021 9122 5541 7191 9599 7055 9322 4660 8040 3859 989 7369 3450 6942 4034 4216 4405 841 2052 2287 417 6097 7574 1967 9981 9720 6084 5964 6237 373 7712 8703 8256 7552 4061 2027 8426 7820 6827 7346 8840 3926 2538 8100 9237 8821 4123 8109 4886 7486 8355 1713 3488 7166 5675 5945 1458 1014 1131 3060 2915 7020 2406 4201 2082 6489 9689 1545 924 8495 1201 8709 4815 
7966 
593 1195 9596 
6001 2754 7615 5166 1810 4297 2812 7089 7754 3409 5882 6360 9503 3704 2700 835 9993 5920 4630 6445 9170 5261 9333 7907 2560 1348 7533 303 7621 8037 6122 523 1280 2393 2719 8960 88 129 3782 6705 7949 397 7021 2324 9826 5690 6676 3401 1912 8882 5214 7610 7886 6813 3861 7908 6723 4828 2565 2867 3245 6255 3318 3985 9540 9978 3354 9175 6778 4798 413 5841 5463 2771 9185 4955 1559 1395 6157 9078 877 8004 4615 3527 1658 3920 8048 8518 9017 
706 9537 
49 2139 3654 8839 8116 9656 4677 7998 
7481 7192 1308 
9003 1665 6031 6561 7214 2162 2881 2058 8316 8323 4019 3142 7534 9405 2330 1992 3126 5580 5206 7393 898 7593 8828 3862 3101 
3082 
7695 
7705 16 2176 9795 
7659 4426 9637 
304 6229 8512 1051 
4721 1209 4254 
754 2349 7742 4783 4020 2903 6272 6507 5538 1309 5008 4805 4283 2441 8879 5133 8955 
389 8290 511 2447 
5013 438 
4870 3136 9586 9150 1159 4113 3540 7500 5914 1356 2539 7616 6420 9103 295 9721 5399 231 4257 8453 8688 5105 9992 3307 2040 349 6197 6726 2416 2218 7283 5642 6556 183 1890 3102 3500 4193 3710 3958 3991 2900 6503 2347 
529 
6436 
9059 679 2579 7010 9339 6421 72 5155 1832 
844 3529 9970 5665 5117 4210 8034 9443 
1425 7032 
5601 6753 6277 7614 6023 8615 7979 8871 3440 287 6160 1963 4375 1515 
8584 2928 
2735 2706 4997 3572 6220 4247 7515 
4982 
7152 1950 1506 6622 3305 8113 9904 2749 449 9816 
6847 1555 249 695 4904 4799 2042 3845 7904 4291 3098 
3179 5233 
3253 1916 7899 3919 
5393 2798 
1557 4143 
5970 146 910 
3683 1211 1435 1204 
2760 3468 2570 5807 5112 6407 9883 2993 9330 8431 5344 1670 4372 
1767 5929 
5798 
7827 2608 9788 9460 5382 5083 
7315 4473 
9573 7566 9071 4037 7580 
9726 1562 1538 
5495 6502 3701 
8931 
1572 1648 453 5194 7038 7143 2299 3873 6932 8016 
6458 9255 5288 1428 8461 1779 
4125 3363 
7052 880 9095 4971 4233 9242 7737 
421 7227 2750 3034 
9438 6860 9311 1448 8772 1205 4742 7555 2775 7855 4381 2580 1710 6241 3516 5101 6934 1580 4564 9329 8966 2773 5411 5280 9947 4574 4212 3675 6450 6412 4625 1553 9906 7715 6303 3428 3086 3804 1589 5879 8276 908 9822 6786 7368 3689 3574 6837 1067 2722 740 4155 5909 2438 7377 3660 4568 4545 8515 1662 5978 4569 7567 7325 4221 9945 6356 6225 8906 1606 8683 4591 8768 9988 6348 5239 3656 7554 6068 3774 4105 4693 847 3053 4399 5230 6609 4116 1976 5600 7222 4561 3514 9347 9448 7898 381 7057 4756 9550 1334 3828 8835 1312 9615 481 4236 5444 9218 7688 6055 5973 2391 9226 4204 6631 4854 6382 5260 1174 8310 2694 1526 2224 10 3591 7441 8223 7093 5534 2982 1218 564 5145 377 1006 8510 305 4219 9458 6350 8063 1439 3430 9381 6862 9194 1784 9450 8271 743 7869 2054 2286 7423 9545 4168 478 8830 9262 8279 9989 258 234 73 2959 1063 3693 1801 5666 495 1216 9346 4985 1519 8463 3633 8858 6882 6896 582 4624 5872 620 7597 4018 5507 7516 9649 318 2729 1467 2615 1680 6509 509 64 5891 9958 8806 5040 7318 9112 3465 2537 2506 3576 1431 7920 981 9928 7329 9224 6468 8860 6451 6593 7450 9422 5210 7839 378 8844 2756 2930 2765 4675 7224 7071 5229 1754 2524 4546 5041 4992 6405 4593 4482 6273 2842 5967 1802 917 8832 719 8278 4589 3735 8658 4506 4684 1567 7777 5578 3233 2482 9666 5763 5483 279 6347 2987 5838 6976 8284 806 8752 3092 5786 1061 2181 3788 2630 8642 1012 1191 491 4724 4562 3350 621 7349 6990 9805 5685 5078 9354 4665 3876 7485 2811 4307 5865 1827 6857 3835 2129 3699 5461 920 734 370 9158 5035 8674 7370 2153 7787 9926 1858 8322 7577 2236 2534 3568 3032 5149 4384 4060 4382 2686 7736 4725 5814 5368 2587 588 374 9761 7981 7466 3075 9853 7494 1298 5246 681 958 2825 9569 1433 2215 4778 530 6308 3813 6201 4230 9276 5502 3448 5440 5911 9977 7341 
4584 6232 
2656 2746 4654 1962 8238 9846 7270 322 
53 3010 8143 7568 9154 2822 9567 8107 180 
2136 
4770 5457 7627 4859 8138 8629 592 4626 2598 9435 1514 1907 9952 9808 4186 6541 6695 207 7514 7090 7252 4505 264 1712 
1838 8154 
2411 7652 7639 1825 8824 
9897 4898 273 1322 8205 
7744 1179 4542 9834 626 8015 1597 5024 4855 8160 7795 4923 4395 1417 7127 9793 7678 
3007 5793 325 7044 672 
3432 5728 5778 6114 8349 2119 9568 878 
4576 4339 8125 3315 
5042 4434 
9227 6449 5257 4734 3331 
9943 9368 3362 5238 1878 5688 1419 2308 
4993 7561 2462 840 3001 9922 2965 1198 62 2084 8230 4112 9219 9307 5278 6821 2071 4592 4304 5772 9562 4712 3959 4520 648 5236 1009 1872 1946 6032 1301 7563 1826 2008 4600 2920 5715 1463 5418 4550 6353 9424 5077 7675 5931 7215 3593 3510 5523 1535 330 8124 4282 8852 1000 9889 7835 6836 4794 7903 3513 3965 794 8038 7188 4468 3961 5154 1086 1608 2632 5752 769 1703 1877 
2113 
9054 8476 2106 9812 7440 
5424 5836 9597 3287 8139 1943 1471 8087 149 1544 3203 3191 
5092 2214 3035 4940 253 8150 741 2297 7660 9743 
5531 6527 
6221 3319 4509 4502 8164 6760 
8337 5560 8761 1668 3900 3814 8357 9019 4913 70 5946 8990 3491 4425 6791 4407 3369 8346 7881 3883 5881 4650 1609 8504 7776 7825 2919 4878 7913 6590 2003 5303 2332 1742 171 9082 6776 655 9206 6583 5732 6113 3365 5565 6289 4900 5045 909 7217 4023 5567 7950 815 2969 1452 4323 2455 8552 9803 1512 2522 6709 687 202 8208 6542 436 9530 2282 2610 8437 4497 8967 5315 6712 4292 5365 8525 9263 5789 1819 3827 
4939 5135 9296 8090 
6767 9794 
1116 4474 8980 1488 9366 9141 6670 1229 6207 2079 124 8224 2685 2167 402 4915 525 6165 9845 7342 1214 
2450 7934 871 
1137 3758 5598 6358 6620 3282 1940 
6189 7511 4038 
3550 8201 6123 4752 9552 328 7434 6931 6928 
1420 
5668 5857 1066 8508 9857 9660 1763 6902 8714 3207 
4437 4135 5329 2503 2935 4220 6861 5379 1672 1930 4466 3820 5781 6043 2607 4413 5102 7626 8737 4208 
1304 722 4044 9779 3676 8394 3549 5928 2099 2116 4638 9789 5892 4811 4881 9707 1264 9365 3604 7522 1875 7987 1876 3089 9342 5708 5023 8211 5403 766 477 1920 5475 3925 3663 3339 6796 8497 1809 5468 3380 3817 5696 8127 6129 9345 7622 972 4097 704 1253 6383 2074 4662 3183 2388 130 1847 3074 1313 1578 693 3690 5787 5203 5981 7190 6334 7062 5862 4464 115 3796 1646 9488 2182 8407 2575 4768 4839 8385 5626 7167 6182 345 7507 471 3237 6390 1661 9073 8312 5351 1835 6168 6058 3526 7148 9378 7457 5689 6658 4632 6419 4797 4440 6818 2488 4984 2584 8227 6087 7371 9735 5480 9544 939 4417 2403 1169 5120 1959 2583 9370 5783 1621 4150 2690 3836 3474 1577 1390 2491 6699 5656 8694 7223 6630 1659 8219 3209 289 8612 5636 5494 5504 4444 5935 459 5028 2329 544 816 
5692 7569 396 372 8823 9787 1242 226 7050 4692 2293 2827 6238 3928 7868 1081 1803 9277 2212 5676 7077 7948 8319 9961 4823 8647 3905 3321 1765 2068 5389 4274 288 8939 2705 1911 4047 2764 594 2627 6785 4899 1643 3848 3969 9348 7006 855 654 2641 746 9856 4206 4938 2975 7233 4810 3213 5343 2374 8258 2576 7672 8148 2312 964 9627 1639 7996 6176 8706 1748 2572 3743 7328 1714 9531 6758 7937 5158 8404 4090 1281 1561 1084 2848 8471 7082 3536 1129 6855 6244 2483 59 9101 1957 7829 1483 9657 3257 2601 1386 4368 6367 6879 9525 7322 4696 1447 1107 7748 6800 2523 3334 7286 1527 8415 2292 7527 1140 8519 5446 4709 697 4513 9644 1361 1192 324 3778 8622 7136 4007 1079 6246 7326 974 8803 4277 2160 4140 7251 6466 6732 4524 5709 6052 9493 8713 2107 8925 3960 4234 2844 433 4966 3521 5291 3357 9340 3146 8096 8671 5485 5922 6666 8886 777 8978 2679 6146 7836 2101 1848 6866 5720 8070 3650 670 6275 518 38 2803 2981 9777 1466 5751 9691 3543 6596 8465 4080 9128 6164 1837 9741 8553 5938 5047 408 7275 6750 5459 6742 6551 9675 6286 9909 8549 3370 7013 787 6782 1381 7176 3300 6963 701 667 56 6686 5213 6955 5501 8097 6892 1013 2390 1687 2019 4377 5840 2611 8129 8866 497 9455 4786 5893 8592 6691 6117 6799 904 9879 9661 9225 9509 2317 6881 4319 9700 6497 798 4663 3757 363 7994 2932 5746 9760 6217 903 1295 5903 4860 1529 3878 1 4753 6759 9681 262 9004 9269 3046 9012 2505 7002 9951 4084 2821 1501 7477 4194 5044 8861 9161 9703 8735 1210 1785 5367 5663 4835 8470 9769 9338 9394 4302 6078 2742 2333 6024 1851 2376 3188 7649 1160 6073 1729 4276 1550 7146 8162 8217 4271 6305 7889 5462 3247 8390 8617 3355 2787 2010 8635 3722 7780 3988 3964 4551 7704 2320 8585 283 5986 1031 1365 7317 3057 712 5281 5176 2418 5987 7928 1092 4943 1274 1196 7487 7404 5039 5177 7922 4597 9281 7793 3856 3849 8562 5334 7708 8758 8789 7105 5960 8917 4313 5514 2531 2514 1379 6966 4344 8952 7284 3236 7409 6287 8368 3939 7986 5623 876 6989 9764 1437 9055 4740 8618 4907 6752 1149 4347 2677 3145 6089 9765 6885 2521 3608 2193 2666 3469 1097 8075 541 1824 4102 1750 7324 3425 7499 839 4781 3736 9238 4764 8371 1568 9429 3890 2691 5017 1251 849 1938 543 5086 822 4688 4634 8545 3135 1745 5375 1366 4270 1056 1573 8253 9849 8760 2542 9701 9171 2253 4841 5937 2369 8798 3601 4303 8640 5082 1972 6448 5993 1212 7572 5635 1383 3415 5376 4244 9486 4246 8601 
1966 7941 8474 7358 7031 3494 8530 7655 3099 4653 6326 8259 3733 97 1783 3261 1502 7731 7053 8478 9116 4601 4541 8607 4115 9589 6228 386 1762 6967 7140 8636 9192 6838 9647 755 6618 470 7506 5448 6109 5673 6384 4538 1739 5300 
1094 
9468 1523 2098 218 2325 5183 6002 
1443 8574 9466 7732 3901 2478 7528 
8353 3221 6812 8417 
9619 5955 9253 8212 1008 6999 200 6416 7137 6019 5085 7436 8696 346 4947 7022 1771 390 8153 7201 9273 1813 2795 1180 2852 5371 1262 8678 3279 2479 
8893 5573 
5146 5387 163 1987 6465 2888 9831 3392 2716 7504 3170 9837 323 2429 900 7365 7150 
6949 8387 2130 
5731 6025 8172 6904 
1860 9688 8901 7417 1845 
4141 
8638 5306 
2164 9823 4827 7456 7291 8890 3635 8680 2860 493 9126 2866 9495 8932 5579 7086 2638 598 475 5847 4785 2357 8843 9517 5723 8682 3096 8608 4500 4895 126 3589 2327 1753 1719 9130 1215 1023 6150 2554 5159 3052 772 666 412 854 2228 2421 3041 5784 9136 2814 3148 1254 3411 9337 2667 1903 172 1345 4973 9672 3897 7824 1219 8318 6817 7323 6961 20 9839 8493 3022 9152 7717 7391 194 7625 2239 111 2378 9497 5481 7741 5421 4266 274 1570 3874 7557 7153 122 6649 8189 4073 1564 3081 7497 4581 
6380 7844 9663 6294 3270 8173 3479 3333 8408 
5383 6567 8130 
2594 7547 4453 3551 7810 5716 2941 8986 181 9247 9353 9385 8300 901 8144 9166 7262 2818 8653 3573 1723 1856 506 765 5522 1147 4052 5979 4496 9728 5163 9869 2361 9712 7544 5353 434 3709 8994 464 375 4578 7340 7785 3336 507 6996 
8779 6064 9639 6174 
3290 2548 1839 3584 9892 6663 9714 3422 8818 
2444 6517 7061 4953 6325 4346 2188 6841 4636 4173 7980 1617 6240 4203 817 3418 2186 
8979 8916 
1758 
2363 4555 4198 3801 1684 2427 
3847 5890 7794 
3114 2024 3366 4522 6199 1751 5395 4159 2350 9612 8568 9520 9844 6983 
2195 5957 1327 185 
8035 4681 9181 3481 6175 
9091 
1630 929 1571 6392 6659 4918 3376 7585 8186 5184 8252 3548 3499 1484 5449 1546 5735 5359 2184 1682 461 4858 3149 9063 6440 1706 8632 3340 4280 2437 3979 8225 5381 6520 9076 7503 8436 107 9390 7677 4227 1862 259 2108 6553 809 8334 3692 2062 7537 1429 4132 4235 6017 5432 7363 9155 197 3157 9280 8013 7385 3598 3044 2328 4816 3809 2792 9235 5999 3195 8863 542 5519 1142 2910 6298 9399 7411 8792 6887 9560 8793 4646 5811 3155 9862 8745 7579 4427 1461 3371 3737 2196 3152 5084 6423 1547 1814 6664 7274 5971 9144 7529 3566 5419 2568 7142 1300 8136 6540 1338 8329 5065 8423 6192 8554 928 5988 4559 1106 676 5761 3382 6917 2717 759 3999 1565 5899 7430 2443 6725 6516 6042 3181 6970 4643 9196 1524 9375 7909 1343 6981 7595 587 3457 2952 8396 6992 9776 5061 8928 5499 7682 9056 996 5863 4404 2839 467 3495 4821 337 1035 6586 1500 6714 6537 5340 1820 5551 3023 5487 6329 3386 2658 7206 484 141 7628 2662 93 8846 4932 2091 9659 5880 8372 7911 4369 7607 7498 3063 8998 7402 7451 6361 2150 571 863 4731 8710 9986 5902 3562 6258 3011 2392 8257 340 641 673 6301 5948 9578 5115 1633 8667 4272 195 3212 8011 3665 7828 5022 8514 6266 5745 4595 5958 7378 9842 3509 7230 420 8204 6801 9960 3541 5465 896 5195 4877 8112 301 3646 6657 2210 9999 5739 6265 784 6853 8137 8169 1965 6900 3997 6044 8170 6576 7278 6573 4962 2451 7403 4196 4666 217 5497 9142 6555 7866 254 2278 5524 5286 6655 3784 9704 9799 8268 7048 3480 9583 773 5837 757 5874 6300 7195 1025 8036 7184 6204 8202 7768 7075 3176 4670 1323 9995 4004 9205 8628 5330 8203 8427 1007 5839 9031 43 2217 2826 1794 5511 483 7386 8670 4959 2894 9362 5876 5949 5595 5377 2958 7746 2326 1143 3316 4998 489 4079 3417 8951 9018 3115 3062 430 3225 4103 2275 3294 1286 5347 830 6437 44 8378 5759 7046 678 4945 5695 8051 8280 7 4181 5091 6945 9811 9556 300 9587 5067 9851 6554 7693 1245 6602 255 5106 3259 632 6048 2063 468 6256 1464 4790 9483 8801 8178 9624 572 5263 8122 1598 
2946 1980 1325 4111 3697 227 8131 7852 5510 3206 8443 4366 9937 9797 2781 6572 4623 5162 8145 9028 
6688 
364 
8275 5469 8778 8418 5011 5147 8306 5830 7205 5576 4686 8611 6336 4951 2088 9930 699 5097 9580 8627 5549 7282 3128 756 3719 4422 7930 6362 7774 6026 4607 8118 2234 2741 7884 5983 4830 1111 5652 2073 3645 6282 5262 6069 3708 7189 1596 4582 3944 347 8454 4185 7213 5972 5740 1403 3698 6819 4611 4130 9874 8961 7851 9239 883 4152 5489 2974 2856 7135 5641 6921 3839 4 1894 8625 9571 6218 837 
384 7767 1442 9234 3012 
2449 5994 8900 
8722 4705 710 4051 
8891 1798 2493 
886 154 4621 4847 
