2468 4218 444 4722 4597 3097 4142 1489 4508 1061 2097 4395 3043 2567 1394 682 
4755 1037 3865 4166 608 694 1789 3870 767 
4714 2172 544 4601 2148 1279 236 3814 3790 3906 2232 2146 2253 4412 
16 3259 792 1752 1237 3580 4936 1004 4843 2899 4001 288 4007 3053 2379 669 3781 2003 1775 2976 1608 4349 590 323 1493 2685 379 1148 2142 693 1356 2999 2324 4754 2625 2920 3328 2122 
2495 2261 2417 914 1996 1074 532 3298 3666 3439 3458 2327 1256 965 3524 3472 571 3224 2788 2133 761 1847 3908 4541 3008 1222 1820 4983 1974 3860 1181 1807 4894 2174 4938 4543 3229 3480 4686 1712 4120 2086 2391 4494 4088 4187 2001 2484 936 1541 3289 3469 1347 3655 1785 3949 3120 3138 4109 467 1788 70 994 4491 3117 2612 255 4540 4802 1835 1609 389 3882 4266 3427 4888 637 
4305 840 3303 4262 2073 2409 
4346 3456 1033 
698 2446 511 
692 
3248 
4566 74 335 2810 2754 1718 348 1763 3142 2289 1941 152 3185 
2743 
1510 2629 483 2787 2610 1310 1269 3798 2643 3049 29 3031 4097 2406 4325 2646 602 3126 3466 4749 
2687 929 750 4959 4255 
171 
2442 1823 
2853 4314 
678 3402 2239 3077 
777 1878 1377 1799 4205 
383 
4712 
552 3801 329 4860 3284 411 3294 2979 3631 279 4306 2278 1959 1569 1170 2885 3765 604 2109 
2872 4272 3198 
3153 932 1585 100 
1590 3723 2367 2741 3639 3243 1122 2623 3110 2076 2773 2030 4827 535 1516 2119 2430 827 4710 3791 2729 4844 2827 1205 4820 799 1778 2028 4378 3930 2648 4321 1517 4753 3878 2269 3754 703 125 4817 1466 3792 4003 3632 4135 1595 614 2018 1671 1081 3283 1682 2789 4533 4736 270 2013 1963 3072 902 2859 1426 622 4437 3315 
4914 826 684 4005 3521 
969 1894 2453 2044 504 44 2811 4147 3227 2048 4126 4638 1415 1226 2790 3680 1583 4377 3390 1250 81 2043 3182 4318 4863 1175 4611 3577 4584 354 3381 3601 3079 2124 2604 
1981 160 664 
1359 2047 4908 1371 
3769 
3593 2987 380 
1032 2664 
4650 2914 3051 1723 3189 4907 3807 
3650 3955 1667 2603 
3107 233 3741 1687 1909 1180 4231 
3954 1538 3360 778 491 4036 627 864 
1109 
3940 442 3500 
4527 406 
1374 4855 2302 919 1729 4233 19 1188 132 3135 4029 
1067 2429 1699 3433 2695 3271 4216 4199 4947 558 407 3316 2381 1038 1316 2025 3383 3171 1166 4138 2903 3962 3398 4549 1677 812 1352 144 4493 3290 3603 1875 2507 454 3591 4102 3868 2662 1048 3022 4265 3106 1519 4049 2614 2225 4322 2191 4180 3811 4219 4555 355 717 3895 4444 2650 4615 4004 871 952 10 2400 2347 1651 3052 2112 2395 1401 1346 363 1422 42 2185 671 2616 3818 4547 998 181 3539 4622 3697 1731 2533 708 1650 909 83 1724 2151 3163 3720 2684 4641 2763 4159 3820 1171 2317 3296 3380 2659 2362 1948 2531 1765 1368 962 4333 4054 4155 2820 493 1876 3098 851 1771 1382 4930 440 673 481 3000 2638 4607 617 2823 1950 4384 224 621 2394 1916 1116 1440 1884 319 3923 2121 445 2585 2884 1436 4161 3297 1861 4252 4519 1601 4423 2183 3710 763 2910 1554 140 1473 4220 1439 4002 3677 1055 3996 519 2341 4501 2574 616 3090 179 1110 3486 973 2619 1073 150 569 1934 4621 2186 1719 1281 2019 1167 1468 2936 2794 3694 3172 963 2930 4996 2091 1944 53 3375 1086 4365 2560 1605 1843 4530 4258 1575 398 3733 4078 3448 788 4745 876 2437 4960 1273 4762 3222 3898 3614 1040 153 4263 3755 388 4092 3471 2462 1754 1025 816 4935 4008 3782 321 4015 1998 447 4393 503 3888 1572 1949 4559 1488 1596 494 419 4043 4323 4310 1811 2475 3374 1448 3621 3668 263 2117 2100 2862 1675 2283 55 3060 3193 4682 961 178 917 1967 265 527 1606 40 1405 4473 3746 790 3767 4467 623 4663 930 3119 1536 322 1531 2735 873 2440 582 295 2770 2060 1529 4300 525 3005 4053 188 3751 3948 303 3717 277 1750 1213 268 1101 1638 2642 1265 3595 4129 1247 786 2173 1108 3282 564 4167 4840 1350 1922 4577 327 26 4157 2204 239 2493 2756 1490 927 3137 1340 2355 3019 3287 2353 1296 1349 449 4246 2245 4407 4369 4690 3727 1465 1777 4492 1174 3075 1457 3775 2496 565 2728 3874 230 1831 93 3414 3208 1138 4700 4158 727 2856 828 2459 
2390 1460 4944 147 2081 4179 
3134 1268 1212 
37 2782 
1190 1515 312 163 1274 
657 2540 4789 
4721 4069 
2654 4259 1886 829 2368 2519 1128 2861 2412 1253 4065 2990 2413 1793 2583 4223 3592 685 2751 756 2248 4761 4171 202 1617 4809 1054 3154 1781 
1856 165 505 3214 
4656 1066 2553 436 760 
4757 3255 567 4105 
1446 1339 375 3417 142 4503 291 1407 1358 
4389 4795 2757 3293 3424 3175 4386 3363 3246 2724 
3314 4063 4111 2147 2891 
133 
3986 372 431 2344 1301 
1014 
1211 1241 1900 304 1756 4284 2338 3436 1837 4921 
1458 3945 4448 486 907 2238 2696 3071 1351 4100 984 3421 3408 2485 3786 3661 2775 
4162 3659 1874 4692 
2106 1568 4903 3 3499 895 1661 4198 1209 311 244 980 3040 
4537 124 1003 3832 1863 3549 2948 3353 2778 4613 1767 4441 1747 2349 3637 3606 3707 3202 4824 3145 2410 700 20 2282 3225 1646 2032 1092 3970 4643 1762 
1938 4061 
3965 1391 3688 
183 1797 2902 
3928 
34 3988 3460 
1342 2609 3599 297 3013 4841 1445 3605 1720 2977 2231 3705 1672 
3004 190 1292 2301 4104 2537 
1520 3070 1271 4207 2285 3884 38 443 
1662 3931 
2748 1543 780 198 4442 4379 3370 646 4635 537 1891 3851 3307 4632 3977 1882 1186 4276 
3574 2550 
3665 2709 2781 2168 2304 3444 1689 3301 391 679 308 2980 4999 3613 3713 1337 342 1570 1707 3696 4965 3966 4451 2877 1969 4050 4609 173 2033 862 1798 4022 1893 736 30 835 705 4564 838 2673 3783 1002 1451 1956 3804 666 1644 1534 1581 2211 1910 2111 2807 2482 4150 3183 581 302 2641 199 1992 2202 4720 185 2568 4590 559 3763 697 2152 1562 4140 4434 4084 4254 2027 3584 206 1315 528 3317 1029 1845 2177 1000 1236 4264 2520 3050 2589 521 615 
2264 1309 
4345 3951 
1453 1991 4796 1323 
3961 4636 4833 
1383 4064 4470 2602 605 2444 1094 603 4906 1076 3357 2332 4184 4899 4 4153 
4679 4771 
4303 3964 2916 757 1173 3854 4474 
451 1899 4101 2415 2157 3187 4934 1152 4893 
3968 
2063 
3147 243 894 3990 
4244 4073 4510 3630 2715 4295 1668 4156 1873 154 2564 4514 3979 1962 2730 221 4624 4335 4640 345 4304 412 72 4041 4431 2929 4475 2141 3336 4929 1251 1610 
2163 3415 3150 2975 61 4137 739 2281 4091 1246 3519 4329 4953 2772 2658 2573 722 3998 3334 4402 4664 1450 1477 4114 1207 4830 4578 507 3399 315 3547 487 655 3644 4037 3167 3545 1973 881 4280 1695 2840 2259 4603 290 2477 3446 2339 4048 606 2749 3410 1105 4836 2306 3250 1604 1154 654 2069 2223 3348 2783 1715 659 866 1800 2571 1817 1238 4081 4512 2785 4927 1849 2029 1501 992 2815 215 4866 1665 4038 180 2456 1859 289 267 1933 1631 3482 2858 4018 2006 1841 3148 2755 4535 1957 2959 2321 4279 2464 333 2090 3905 1533 275 2525 466 4961 2026 85 4787 3528 453 3540 801 2474 2982 4738 1803 1427 3274 1551 1550 3244 102 3611 3129 754 4826 2509 4312 2303 78 2542 340 4186 4427 863 3204 460 1999 4783 1470 3015 254 2352 4479 84 4504 824 1202 2866 
4997 
1097 4631 1476 
3914 783 2370 4718 3683 3762 2935 1865 
4454 1231 2080 3516 
2847 3260 4487 135 
4662 553 
4082 4912 1395 765 784 4731 
217 3490 
1826 2139 4085 4683 3062 4090 1805 4453 958 3330 2665 2818 632 
35 1417 456 4466 
933 2392 1906 3760 2460 3063 1630 3635 3719 1614 1486 12 2297 4726 1217 2954 2558 4937 2004 351 846 1869 3706 3557 2852 3512 2288 4739 2171 1539 2005 1385 4235 2062 2800 3265 2909 2799 1018 1355 3726 3982 4551 1390 22 2296 4711 3625 4068 2693 2473 1282 3184 2797 3651 2354 2846 1619 2279 4320 4563 3495 2551 4253 1192 4047 4962 1717 2895 2322 23 2230 3559 1239 1690 3842 1017 1433 2737 1412 3997 1598 4964 4452 887 3527 3604 2918 3270 3143 4743 438 3247 4478 865 4367 4169 714 4177 4006 4984 3937 1413 474 3893 4932 1410 848 2510 856 3257 1010 4876 1454 4247 4645 986 1574 1975 2621 4620 2939 1357 3546 3029 4309 2717 2455 4465 3638 4765 4074 695 3581 709 1858 4440 4793 811 2292 4788 1887 1399 2130 2985 4392 609 2747 4273 2295 3771 2035 2904 2925 3582 4544 4292 2478 926 4119 712 2195 64 1680 394 146 4623 2337 2771 3035 2855 4299 3239 4538 3938 4521 2059 3900 3009 674 2926 2266 4307 3158 49 4644 4400 1779 121 3223 3161 2439 4243 1370 4785 
918 4507 3530 
4832 3958 2886 
3028 
1727 169 3338 3102 3034 1232 855 2192 9 2071 4294 2428 3834 310 2022 4075 2716 266 3205 4317 707 3026 2720 2375 2443 96 4875 393 3732 4359 3337 3423 3505 3821 3690 512 2512 
1106 2329 2639 
1179 2066 
3978 4868 2490 4311 2947 4181 3843 774 3764 80 1319 1546 2736 3589 967 
3724 3226 2919 4680 
4026 3216 3036 3636 4729 
192 2599 3180 4089 539 594 4450 4630 3087 
95 2511 4561 13 
1137 612 
2655 508 2008 3389 1834 3852 731 2380 1854 2284 92 1618 4806 3488 1479 978 1795 2273 3973 607 2115 2710 4823 4989 1951 3770 592 2220 2023 56 2864 2356 4375 51 4856 4735 638 1928 1939 2488 1758 3323 1643 301 4857 782 382 2719 1321 2423 3904 2205 1041 1224 4154 0 1419 4055 1808 556 1162 197 2165 
495 2159 4732 
404 2450 4941 2700 
68 1669 3721 547 
4070 3003 
4291 4301 376 4191 2960 3197 226 3018 3634 4646 3141 4750 3329 4972 1915 1264 3481 3735 954 4485 4058 
3407 2369 2425 883 473 
4896 4422 4202 4419 3633 1353 4261 
3235 2346 944 1277 4647 2256 4324 4433 1880 2166 1416 935 3629 4698 2046 4286 1925 4629 3288 2631 3192 3037 2397 1901 2064 
3571 2524 1042 237 938 66 105 4571 256 1260 1786 2527 2900 213 
3133 1700 3388 4760 
138 4077 4275 2313 635 3823 1577 1759 1768 455 4139 3404 3073 4673 3038 4172 2927 3400 361 
813 259 
4290 3960 2792 4326 1556 4484 3281 4870 4524 1051 4709 2739 4425 4250 1117 129 2881 3725 1023 702 3453 225 2972 939 2287 2031 945 497 4271 3331 4556 2921 343 2125 4358 611 1312 1367 645 2892 3194 4420 1641 4347 3447 3773 3850 2420 1298 76 8 937 1144 3429 4808 1710 4608 1393 4942 3048 3230 1511 4449 995 4994 1818 2758 4394 4336 2549 1341 2217 4685 222 4701 2393 4116 568 1773 4143 1697 298 3897 2601 3825 2917 2270 3491 3576 359 4987 3092 1670 1161 2161 4981 
1830 1206 
2385 3078 3883 
1036 
4511 413 
1582 452 111 3273 3892 555 1500 306 1842 2670 2943 3750 2545 2421 3554 1594 3349 596 3011 62 350 1632 103 524 2050 3502 3890 1335 1892 
3926 4548 1912 2649 
2988 4267 2193 3069 3837 541 434 4213 
1151 4164 
299 
2932 1815 4033 3105 1960 634 2937 155 
2870 1564 3728 
1666 
543 1429 3861 2331 3942 1804 2605 3664 1499 4515 3492 2923 278 4356 159 1503 3254 2357 1461 1839 4351 1484 825 2180 4274 3082 4581 4122 4940 1009 1943 4910 4034 1249 4495 258 4825 1696 903 410 563 75 2561 4707 2401 2821 4390 1338 4113 2955 184 4565 701 4256 1937 4768 2049 3916 2447 4426 3974 3891 2228 3464 3475 1177 4576 403 1742 4845 4952 4782 2396 
4684 3685 4222 912 43 2153 977 3452 4192 4380 57 250 2502 4397 747 
3140 
3759 3626 4175 3325 145 1505 931 3413 36 
2597 1084 672 4819 4194 3496 1487 3753 665 4128 4387 3654 989 4366 2265 2364 50 208 808 823 4071 3788 31 459 2890 819 4800 2249 4915 1783 4694 4963 478 3698 620 2280 1766 600 2055 2880 338 212 
972 4182 
4165 1624 3100 2371 4814 3089 4371 415 3919 1155 2516 2953 1780 326 
464 2219 2622 713 4529 4740 2471 3275 
1406 4010 818 3812 2011 4151 
3672 
983 1096 949 2591 
2113 3327 3395 1491 2701 4411 3245 1013 2402 1194 4536 710 4901 2784 4249 3190 4430 2007 822 1526 839 3451 3435 1580 2009 2934 4404 2078 4354 3684 4634 3046 187 4552 2107 1728 4496 4204 2017 
2565 4251 925 3124 4413 749 3450 1755 1984 3322 4848 988 1708 3333 3418 2378 2126 3397 2110 1326 733 3913 1782 2240 4248 134 
2433 1654 177 
639 3561 2467 
89 
1647 4148 2 1016 
4816 2155 651 17 566 1840 2596 4861 2750 2942 4606 2377 2497 110 2376 3258 3695 116 3094 4764 3379 500 1603 1257 3740 4381 2129 4784 3830 3766 2424 4854 3306 1330 1219 711 1806 1376 1090 1889 
2816 2499 2933 4877 2286 
1242 3151 2037 3703 
4189 
2389 
4668 
2179 3165 562 3983 1722 890 4689 2489 
2613 274 4083 
1492 4416 4480 2206 4811 805 4106 2579 1678 2237 1119 
1294 2199 356 4665 
3211 247 
32 3624 4221 2595 1917 
1622 156 4118 628 1305 1995 
4925 2819 
4269 1897 2350 
2722 
3682 4699 2586 
2713 3025 1216 3125 2668 1307 1547 
3186 
1471 4046 4066 948 734 3041 534 422 498 2167 2825 658 130 
1172 
1077 2277 
462 1540 448 
3068 492 573 1005 1615 3675 2260 1635 
3367 3302 94 3434 1039 1919 546 2416 789 1990 1035 2974 3826 
550 4853 2968 1926 3839 
4572 1057 1850 209 2182 884 4715 3537 2252 3950 24 1498 3497 3715 4542 4602 1178 2576 4339 3704 3885 1360 2863 337 2611 1565 4954 2752 3339 2828 872 1921 2786 554 4867 3104 3272 953 626 911 2530 3056 353 1653 610 4744 2310 3173 728 1263 4835 499 1549 201 1497 3957 2708 4560 2644 3463 2441 3716 3201 1573 4403 1420 1633 2913 
1176 
439 370 1888 4748 4417 408 1809 2053 1942 2681 378 3498 2606 4173 3975 2522 479 533 1227 1280 4415 3686 4302 3678 1924 4115 2556 3111 1425 4042 293 4839 618 1289 1234 1389 2300 
4528 2472 
4658 
3118 
4703 3059 2547 
2361 4813 317 3438 1308 3994 
4616 3177 3748 2387 2207 4818 1504 
320 4569 1198 892 1111 1716 2318 3437 
357 3002 2506 4775 2795 1146 4589 4986 3867 
172 878 3761 3459 385 4975 4174 4534 921 3457 2635 3371 4190 724 4985 4691 1283 2314 2408 1379 915 
4919 951 
3518 
3345 2698 3251 1905 4185 4672 1822 3366 1392 
425 
966 1810 3780 2156 723 3233 
1021 1736 
743 3952 4490 
3869 249 2208 1474 1726 119 4592 740 2592 4693 
1344 
3113 2809 1024 3607 1737 3963 1721 4197 920 3181 
1920 4230 3032 2962 1507 1796 2992 2084 3220 785 3219 3221 309 3887 1829 2582 3939 3627 4580 526 3828 2981 4234 3701 4518 1388 2690 955 
753 115 3377 
3057 817 
2077 
2760 1063 3253 2012 1659 2137 4060 386 1397 3088 2015 1855 4805 
1735 3479 4032 
