<<<<<<< HEAD
31 48 
44 61 54 29 
42 44 71 63 40 64 38 37 48 26 32 38 43 
26 35 
40 28 66 26 62 27 21 29 
34 43 29 38 
25 57 21 49 42 51 57 26 44 57 26 46 65 47 
30 45 54 31 31 49 36 26 49 49 41 62 30 62 45 38 52 29 
45 28 59 66 61 37 62 53 23 32 33 36 31 40 48 37 42 36 54 54 48 25 59 32 45 52 59 25 
28 45 37 
40 54 
36 48 37 57 60 48 60 
63 
51 42 
49 
27 48 



51 
63 64 








=======
31 48 
44 61 54 29 
42 44 71 63 40 64 38 37 48 26 32 38 43 
26 35 
40 28 66 26 62 27 21 29 
34 43 29 38 
25 57 21 49 42 51 57 26 44 57 26 46 65 47 
30 45 54 31 31 49 36 26 49 49 41 62 30 62 45 38 52 29 
45 28 59 66 61 37 62 53 23 32 33 36 31 40 48 37 42 36 54 54 48 25 59 32 45 52 59 25 
28 45 37 
40 54 
36 48 37 57 60 48 60 
63 
51 42 
49 
27 48 



51 
63 64 








>>>>>>> origin/Find_file
