<<<<<<< HEAD
7623 5772 
5468 7487 5013 9691 
108 5468 796 1441 4572 4577 9005 310 5772 723 3416 9005 5053 
723 1728 
4572 1527 1925 723 6118 2802 7949 9691 
8426 5053 9691 9005 
7155 9959 7949 3578 108 8313 9959 723 5468 9959 723 5917 7060 8732 
2754 9183 5013 7623 7623 3578 5340 723 3578 3578 4069 6118 2754 6118 9183 9005 2570 9691 
9183 1527 6032 1925 7487 310 6118 7390 8977 3416 7255 5340 7623 4572 5772 310 108 5340 5013 5013 5772 7155 6032 3416 9183 2570 6032 7155 
1527 9183 310 
4572 5013 
5340 5772 310 9959 9536 5772 9536 
1441 
8313 108 
3578 
2802 5772 



8313 
1441 4577 








=======
7623 5772 
5468 7487 5013 9691 
108 5468 796 1441 4572 4577 9005 310 5772 723 3416 9005 5053 
723 1728 
4572 1527 1925 723 6118 2802 7949 9691 
8426 5053 9691 9005 
7155 9959 7949 3578 108 8313 9959 723 5468 9959 723 5917 7060 8732 
2754 9183 5013 7623 7623 3578 5340 723 3578 3578 4069 6118 2754 6118 9183 9005 2570 9691 
9183 1527 6032 1925 7487 310 6118 7390 8977 3416 7255 5340 7623 4572 5772 310 108 5340 5013 5013 5772 7155 6032 3416 9183 2570 6032 7155 
1527 9183 310 
4572 5013 
5340 5772 310 9959 9536 5772 9536 
1441 
8313 108 
3578 
2802 5772 



8313 
1441 4577 








>>>>>>> origin/Find_file
