41 35 28 51 35 29 43 46 33 28 21 34 40 38 32 47 
49 57 53 20 23 31 35 42 39 
62 33 52 58 37 59 35 49 58 50 41 43 45 28 
49 48 40 47 28 33 28 46 47 28 33 22 59 23 54 37 35 35 48 19 22 50 42 43 26 39 44 44 50 32 22 51 18 48 51 32 30 51 
42 54 46 52 38 31 18 23 49 32 28 31 28 42 54 47 26 47 49 55 18 54 40 46 47 35 32 46 37 49 43 36 26 39 48 18 43 43 36 34 37 48 20 21 57 35 47 26 32 18 47 54 49 41 32 22 38 53 27 38 36 44 30 54 31 50 45 26 32 36 26 36 41 19 27 53 28 
31 27 41 31 37 41 
27 60 33 
57 47 48 
30 
58 
30 42 44 41 31 19 39 43 44 32 38 34 24 
63 
20 44 45 19 32 47 31 30 21 37 58 22 35 19 21 57 25 29 23 29 
40 50 64 24 36 
44 
60 44 
45 31 
48 24 42 34 
43 43 44 37 43 
57 
31 
33 35 47 20 37 25 45 36 19 47 41 21 41 46 38 55 31 38 30 
55 30 21 
45 49 41 31 
53 37 25 43 30 43 33 35 19 59 16 22 44 22 53 47 35 35 54 48 30 46 46 43 37 53 42 50 40 30 56 45 22 48 49 57 44 46 43 32 29 51 52 35 57 39 27 36 27 31 44 45 20 38 42 47 47 28 42 55 45 38 26 53 29 
27 27 44 52 26 
35 34 23 37 51 30 37 51 31 16 37 27 32 41 23 58 32 45 55 39 26 31 42 38 36 30 29 37 35 35 53 43 18 55 50 
67 43 51 
50 59 27 33 
64 
48 44 40 
30 48 
29 18 20 62 51 26 42 
45 47 36 54 
38 30 28 52 42 36 59 
43 25 40 38 28 37 18 23 
49 
63 58 38 
54 50 
30 31 39 55 54 49 23 43 37 49 31 
50 37 55 20 59 40 51 41 30 20 46 49 49 27 38 44 22 31 42 44 35 56 30 40 31 35 55 54 33 48 44 59 26 54 22 28 31 34 28 29 52 46 40 30 47 43 29 45 46 49 51 52 33 34 34 37 57 57 30 55 32 53 36 21 53 36 57 45 49 53 41 49 37 26 37 28 30 29 37 44 20 46 54 40 25 59 39 54 45 18 49 33 37 58 32 38 53 43 42 29 54 40 35 41 38 49 47 46 48 30 19 35 59 19 40 35 56 37 25 50 53 46 40 41 31 47 20 39 25 41 46 33 33 29 28 54 56 28 17 51 52 32 58 55 30 30 45 49 27 38 18 25 48 45 51 42 49 49 42 27 42 48 56 59 17 57 33 34 27 31 42 32 30 42 34 25 54 44 24 39 40 61 56 33 37 47 51 40 59 26 42 38 33 35 32 43 44 51 26 39 33 35 38 26 27 40 31 48 39 30 47 40 47 52 36 48 29 57 38 21 27 59 49 31 48 47 41 58 59 46 40 48 31 37 57 33 54 55 54 58 22 53 33 56 44 46 50 39 54 16 28 42 40 59 51 36 46 51 44 54 42 52 30 42 31 62 47 41 41 40 25 39 23 25 42 43 51 26 43 48 19 37 50 47 43 51 26 27 18 48 58 53 38 46 38 47 34 36 25 49 41 50 27 27 53 47 49 43 57 44 36 40 41 27 54 40 54 42 35 28 32 58 25 46 53 43 30 19 25 37 31 25 50 23 42 36 23 37 57 47 19 18 43 41 47 40 45 38 19 45 45 36 40 36 44 56 40 51 46 56 36 56 31 29 42 33 55 40 48 48 46 47 
53 26 39 21 36 43 
65 55 44 
21 40 
37 53 34 42 36 
33 34 32 
51 39 
44 43 46 43 32 28 41 28 42 38 43 45 59 54 39 38 49 34 37 38 26 46 45 53 62 37 36 47 45 
32 37 41 33 
38 26 56 48 51 
50 27 36 27 
27 22 32 39 20 32 27 44 30 
30 32 24 40 24 47 32 36 46 42 
56 51 34 24 26 
30 
26 56 25 49 47 
34 
22 35 26 43 24 36 26 37 30 36 
29 36 27 51 26 45 53 25 25 36 40 52 25 25 38 30 46 
33 39 48 31 
32 47 52 28 30 41 30 43 46 27 35 39 22 
51 52 54 54 44 30 42 32 52 59 47 44 60 42 31 55 47 59 45 39 53 41 38 48 20 43 40 39 42 31 40 
57 48 
26 30 39 
56 37 30 
39 
61 29 39 
55 45 35 57 63 52 41 58 40 49 30 53 30 
70 68 59 34 51 33 
21 37 31 30 38 58 21 22 
27 44 
50 48 42 33 49 41 31 44 38 60 43 34 36 33 50 54 47 51 
39 32 
25 25 41 43 30 34 36 20 31 23 26 44 33 42 64 30 41 21 30 22 29 27 37 41 42 34 33 25 34 46 35 52 59 54 26 29 38 28 31 33 42 29 54 45 37 23 33 30 31 26 49 30 27 52 21 25 28 29 28 41 36 25 22 47 39 25 47 25 31 31 54 30 25 26 47 26 25 39 42 36 53 54 27 27 56 29 41 27 20 56 57 29 
66 47 
27 42 
42 23 32 59 
30 35 35 
61 33 37 59 47 26 42 31 41 40 37 47 28 40 37 57 
31 35 
56 29 55 32 48 37 42 
54 48 41 25 54 53 40 45 59 
44 
25 
22 31 42 38 
42 22 38 52 55 53 43 39 20 25 31 51 32 53 28 53 28 38 31 40 31 36 41 42 38 41 29 28 50 44 42 42 
21 36 33 45 59 24 26 23 31 35 33 39 27 47 43 49 24 21 43 23 34 57 39 39 40 24 27 33 27 36 39 25 28 35 23 39 45 32 36 37 53 33 26 48 46 34 32 26 28 44 51 49 34 38 36 26 26 24 39 52 42 21 40 56 38 25 37 52 25 51 37 48 23 43 20 41 28 21 34 37 22 36 21 22 46 28 38 31 41 47 21 24 35 23 26 20 25 26 20 47 44 28 29 31 39 28 37 32 25 39 20 27 45 34 22 25 46 33 47 36 26 46 20 40 27 27 45 49 39 38 30 29 27 28 35 29 39 21 27 22 27 57 28 29 21 32 35 33 31 34 44 34 34 26 25 
66 
36 26 39 
33 31 32 25 27 24 46 44 
33 33 36 23 
28 26 55 55 
38 46 
34 34 33 43 42 35 
51 32 
21 53 45 63 53 39 23 22 45 49 32 29 36 
31 34 27 30 
48 33 40 57 50 37 28 54 22 38 21 45 33 24 49 22 37 36 22 61 36 39 39 33 46 34 31 46 59 46 46 43 37 43 53 37 59 29 33 47 49 34 34 26 29 34 42 21 46 34 45 49 59 21 24 58 28 59 33 50 32 37 24 23 33 34 35 40 36 38 30 21 36 54 41 33 59 39 41 22 37 37 33 37 51 53 32 22 23 45 28 48 27 35 29 30 56 44 36 52 41 50 48 52 32 53 42 49 27 36 35 33 43 43 28 49 41 35 37 29 39 48 44 54 41 40 26 28 45 37 35 41 26 48 33 29 42 35 44 37 39 31 39 58 38 21 46 57 57 40 27 56 39 24 30 41 30 33 41 43 26 38 41 40 31 25 34 26 37 46 42 59 53 52 38 45 25 33 45 48 51 21 26 44 20 28 54 33 54 48 41 45 31 43 43 
30 38 38 
58 34 64 
61 
68 34 25 48 20 60 32 45 24 42 52 40 63 30 60 45 47 64 35 25 63 61 33 51 30 50 74 25 61 57 49 62 22 52 68 39 53 
38 26 31 
42 55 
49 51 32 46 34 40 46 61 21 46 38 31 45 48 20 
44 33 52 28 
48 48 49 25 51 
38 28 53 32 24 43 38 36 40 
52 57 53 25 
62 51 
49 24 55 42 35 28 43 26 47 37 36 20 41 32 37 47 43 52 36 52 56 39 52 25 53 53 44 37 26 54 26 28 40 29 43 40 49 46 42 32 42 41 39 40 41 44 25 26 37 46 27 25 52 40 43 32 27 42 31 46 42 36 45 
46 58 32 
42 38 52 30 
63 22 39 52 
36 29 
29 47 50 27 23 24 49 37 28 27 28 42 33 28 26 40 50 32 25 59 41 
49 30 40 41 48 
34 59 25 39 29 46 30 
71 23 30 47 46 74 24 50 31 58 34 58 53 65 58 58 38 69 30 43 49 31 37 59 55 
31 28 32 36 25 28 51 23 33 58 28 34 51 36 
57 56 42 46 
39 50 41 53 27 28 50 35 38 30 33 48 34 46 36 28 49 26 39 
27 45 
59 47 54 28 59 44 45 38 45 47 48 40 40 51 33 45 39 44 31 44 47 51 42 48 39 26 53 53 55 42 55 50 44 41 57 25 34 48 45 44 48 56 22 50 37 61 37 47 27 47 48 46 29 39 42 51 29 34 27 45 45 33 35 38 31 26 28 45 42 35 38 39 30 59 47 32 53 24 42 34 28 22 29 31 55 53 33 34 58 36 64 42 59 52 24 31 
64 49 
30 25 59 
59 
54 35 
63 26 32 58 27 26 48 50 25 24 31 50 64 45 32 49 43 45 47 48 31 20 55 32 20 38 38 45 34 
26 40 23 30 
59 24 44 49 30 43 49 31 
26 31 
26 
35 56 24 47 53 39 28 26 
27 24 22 
33 
71 43 30 27 55 46 37 48 54 50 31 45 53 59 70 42 57 32 58 33 57 58 40 54 36 44 63 37 35 51 54 38 39 27 68 30 47 54 33 64 25 48 40 29 59 47 69 63 33 33 37 28 41 31 44 35 55 57 35 39 36 62 32 55 40 61 52 50 27 26 54 29 39 
41 45 38 49 40 49 26 46 30 43 42 32 46 31 41 
57 
34 25 36 33 52 46 38 33 45 
28 39 34 29 29 29 45 44 44 52 26 43 58 25 51 48 43 35 29 53 44 36 53 28 38 45 41 44 27 30 39 37 30 49 42 54 46 48 50 43 37 38 
52 59 
35 39 52 40 59 42 44 35 31 46 50 34 60 25 
38 39 33 32 38 49 57 47 
30 27 29 57 49 55 
56 
64 39 55 30 
26 36 53 31 31 28 28 29 56 34 49 25 46 39 46 25 46 27 45 30 32 26 28 32 54 25 51 28 56 39 51 48 46 26 45 28 27 47 54 
58 45 38 33 27 57 35 29 34 30 47 49 29 48 38 50 32 26 55 55 50 29 29 30 48 30 
50 57 47 
34 51 56 
61 
38 25 31 32 
69 69 59 28 52 30 54 52 50 50 47 59 31 33 61 28 70 26 58 28 37 49 53 34 50 45 72 29 61 52 28 32 66 49 25 64 25 61 63 30 
57 37 52 32 35 
74 34 58 68 
27 
62 
50 
57 35 27 28 35 52 38 30 
58 32 26 
27 27 26 30 35 34 54 33 28 58 25 
60 60 39 55 
60 33 
60 50 36 63 25 
33 35 54 25 36 30 
69 33 
29 33 35 
66 
27 32 52 
61 30 33 34 51 38 34 
50 
60 31 57 26 54 39 26 64 39 50 36 26 29 
66 
54 51 
55 51 37 
72 29 26 61 70 56 55 35 
62 26 54 35 27 54 25 55 52 55 58 27 57 
54 26 25 54 57 
64 57 50 54 50 52 55 26 56 51 29 55 55 63 28 53 53 26 50 54 54 26 28 56 54 56 53 56 28 53 29 54 50 26 53 58 57 27 53 28 54 28 27 57 54 28 51 53 51 50 26 54 25 52 51 53 59 54 50 54 58 58 56 53 52 59 58 57 
64 
72 58 67 58 66 65 62 56 56 63 61 59 67 60 56 64 65 56 59 56 67 58 56 62 67 56 70 64 56 69 57 63 70 73 69 62 61 
62 62 
65 
60 
72 73 71 
74 61 61 61 64 67 
70 69 60 61 63 64 68 
60 61 62 61 63 64 60 61 
61 61 62 60 60 63 61 63 60 
63 61 63 63 62 61 61 61 60 63 64 62 60 64 63 60 62 64 63 63 64 
65 72 
62 
74 60 60 74 63 63 65 60 61 
71 
62 61 64 64 62 60 
66 70 
73 61 67 
68 62 60 61 72 66 60 64 62 71 
64 
63 63 61 63 64 60 61 61 64 63 
65 62 73 63 73 73 62 70 61 62 63 74 60 62 62 73 61 64 63 62 60 66 71 66 60 62 63 67 
69 61 71 
61 64 
67 
69 68 61 72 65 71 66 67 67 67 68 68 67 
68 66 69 
