53 50 
19 
18 
66 43 
93 
63 35 48 
58 26 
37 10 29 19 38 
33 
57 53 56 
47 19 18 10 
51 
49 12 15 48 
49 47 
38 11 40 10 
42 6 22 7 
18 
39 33 
64 62 61 
41 10 43 
52 15 24 
36 44 36 37 
38 15 8 
52 
40 
51 37 
50 
25 
67 37 
32 7 2 35 8 
37 37 
69 16 
59 53 14 22 23 
69 15 
46 14 
19 
55 6 
29 
27 4 
44 
59 56 
59 51 23 56 
83 31 
55 30 
45 16 48 
51 49 27 
50 
54 19 25 48 
49 
60 21 
85 
33 
38 13 7 39 
57 
33 33 16 
50 
56 25 27 
27 
23 26 20 20 17 
46 19 45 31 
65 58 
70 46 
40 
46 50 8 45 
51 14 5 56 
33 
66 68 
32 
54 13 22 
36 35 26 33 31 
36 46 4 3 0 5 
54 25 
45 
69 67 
38 36 6 16 
26 
56 4 
36 39 30 6 
60 21 
45 
54 53 53 
22 58 
62 22 60 
53 
35 39 8 40 3 
74 46 
67 
29 32 
96 40 
21 
45 42 17 42 
91 
62 31 24 16 
32 4 8 28 
82 43 
70 72 
93 41 
53 13 3 
42 12 39 51 3 
33 2 39 
42 
63 40 
22 
18 
27 
50 32 
25 24 35 
41 
61 
60 24 
31 
20 
28 14 27 28 
28 32 
66 19 13 
99 58 
57 45 22 
51 52 
42 38 7 24 
47 17 
28 27 28 32 
37 10 38 
32 
30 8 6 7 
56 
38 
42 
62 44 
43 
88 
62 63 22 52 
73 47 
47 9 28 
90 
18 
93 58 
62 20 
55 18 62 
55 60 
44 16 42 
35 
35 33 
37 18 
37 6 
50 0 55 51 
31 36 33 26 7 
71 
63 20 
59 62 
52 
24 38 
70 
48 38 
48 47 39 10 
39 3 9 20 
51 
39 
34 15 13 
50 
73 
26 50 1 
75 20 
21 24 
36 33 41 
57 9 
31 33 32 31 33 
91 16 
65 
30 27 35 8 31 
35 
33 37 31 5 36 
51 
42 9 26 4 
65 
30 32 
99 33 
19 
63 42 
37 5 36 
60 
32 17 3 
45 60 49 
74 64 
28 47 17 6 
49 12 22 20 
54 
61 13 3 
55 34 58 
33 7 32 
58 18 
44 7 38 12 
47 
44 30 
47 23 50 34 16 
40 5 17 30 
58 17 
28 19 27 
33 
25 
27 21 51 26 
70 28 
55 57 22 
92 17 
30 
50 54 53 
47 20 48 48 
62 58 
54 
42 
95 6 
62 38 
52 21 27 13 20 5 
26 26 21 
32 
71 64 8 64 13 53 
27 17 28 26 
37 4 35 38 39 
50 12 39 
74 
68 61 
75 21 
20 20 26 46 15 
27 52 31 
30 39 29 7 7 
35 34 35 1 36 28 38 
31 1 
20 22 18 
18 
60 57 33 1 22 
48 
43 
66 
60 17 
57 5 
41 27 
56 51 1 7 9 97 7 
60 67 
48 25 46 14 51 27 16 
24 21 46 49 3 41 25 
60 36 5 
45 
51 48 47 52 47 
27 
73 57 
25 24 
98 
48 13 45 32 
73 24 
39 0 
95 72 
24 
39 9 31 4 38 17 14 
36 
42 51 8 
65 69 
22 30 25 13 
65 67 64 32 28 2 56 
50 20 11 22 
64 16 37 50 28 7 31 
36 14 7 9 
80 3 50 
32 33 8 
45 47 22 47 
97 44 
73 
48 
51 
40 8 7 29 
49 29 61 19 
73 56 
41 
64 59 49 
50 31 30 23 
28 
19 49 49 14 
44 43 12 
41 16 
59 5 
39 
26 
72 46 
55 0 
69 37 
32 
61 25 
37 15 
66 16 35 11 71 62 
48 27 76 55 43 18 
55 11 18 57 
40 1 13 3 
40 14 42 72 
28 
46 40 10 
85 9 
56 49 
78 43 
86 15 
33 
29 28 
69 4 
78 
46 18 
51 35 
68 64 
32 
29 2 28 2 
73 73 
28 
46 46 17 25 49 
52 
72 
61 34 11 
50 57 
53 49 18 
75 30 
70 62 
41 
63 62 
43 23 44 
46 
24 25 22 47 16 
41 31 
48 20 13 42 
39 
63 
18 
28 24 29 27 
85 20 
73 
25 51 51 20 
30 33 42 59 
62 30 
47 
52 52 22 14 
44 44 
61 34 
97 56 
54 24 
94 68 
49 
28 
48 48 6 8 
35 
19 44 47 15 
30 11 4 7 49 32 
52 0 52 52 
50 
19 
41 
55 64 0 
43 
47 11 
31 28 0 44 
34 6 
20 
34 33 33 
43 9 42 7 
67 65 
43 3 67 7 
50 20 23 55 
62 29 
94 26 
60 
35 27 38 33 
65 27 
36 
56 7 
53 17 
21 24 
49 17 15 
93 58 
23 
88 50 
68 4 
40 45 
83 9 55 
51 53 15 
29 30 30 27 
85 47 
26 4 7 
94 
51 
50 14 47 22 
40 16 
73 11 
35 16 13 29 
54 53 15 0 15 53 48 
40 4 15 
74 
48 13 45 52 
21 
83 7 
26 
89 94 
45 14 
40 14 
42 
37 
38 13 
33 33 29 6 
61 8 
55 0 
78 41 
41 19 
30 
38 6 39 27 29 4 1 
38 2 63 2 31 
65 32 
63 28 
44 39 10 41 
36 38 4 10 48 
49 35 48 17 
28 
26 5 
63 30 
27 11 29 
36 38 
80 
69 10 
26 4 
20 
49 
30 37 32 
19 
82 31 
62 4 4 
45 
42 43 
40 16 61 40 
76 28 
53 60 27 31 
33 9 32 9 27 
52 
25 
42 39 16 17 12 38 
61 46 
87 13 
18 
56 58 
53 22 
92 
37 15 37 25 
43 9 6 
54 50 51 
65 2 
40 28 37 2 
51 47 13 50 16 50 
28 27 59 
68 70 
71 29 14 74 
61 61 
54 53 53 
67 8 
36 8 3 12 
53 41 26 
44 40 39 8 
36 37 35 33 
33 
71 
67 42 
61 59 60 
74 17 
48 
67 
41 50 
26 
58 1 5 54 
37 
70 68 
32 34 
30 39 32 22 
67 
59 54 
19 
63 
46 30 
67 26 
31 
40 15 45 17 
62 57 33 1 66 
71 3 42 35 
40 35 
31 1 
52 33 
63 
34 32 28 
33 33 3 32 37 22 
45 32 47 
82 
35 
50 
34 
33 
54 53 52 34 55 51 
65 55 
29 28 
43 41 9 43 
87 5 
40 
74 38 12 
30 15 35 
67 45 
98 54 
30 
89 73 
49 61 
38 39 62 41 18 5 43 
19 
58 2 
34 
60 10 61 
68 66 
41 46 37 
27 24 
48 44 51 15 25 
79 73 
96 54 41 
39 3 10 67 1 10 40 
45 47 
36 10 13 
61 1 39 14 26 
18 
74 27 
64 32 1 
29 26 44 25 
31 33 
29 29 3 
96 43 
39 
21 17 25 21 
48 13 19 27 9 13 
53 7 51 
48 
61 64 66 
54 
56 31 
40 6 
58 
91 14 
52 
24 9 
43 
28 
62 3 
54 18 25 31 
72 
70 75 
23 
94 70 
19 
47 16 18 36 45 
53 52 22 21 
38 0 5 31 37 
50 49 
30 41 11 
84 54 
27 24 
35 11 37 20 37 35 35 
28 
26 51 29 
21 18 23 33 
44 32 6 28 
46 
30 34 29 
49 
74 36 
74 88 
66 9 
39 3 
31 1 31 
45 17 18 50 
87 16 
29 53 1 
33 59 28 33 
54 32 
42 45 
51 
23 
25 19 
52 55 27 30 52 22 
54 50 
36 
28 26 
68 
57 32 17 
48 
31 32 11 32 
18 42 17 42 
32 11 
49 
48 
28 5 26 22 
25 
69 
68 40 
41 3 10 
24 
41 16 12 43 9 33 
43 18 
49 16 
59 4 
25 
56 3 
71 50 42 
19 
25 63 
67 1 
23 
70 
34 5 
24 23 29 35 
37 8 30 
18 
62 1 18 36 60 51 
32 9 
47 22 48 
64 36 
54 49 55 22 
64 25 22 
28 54 8 
37 18 
46 7 19 16 41 3 
69 
36 8 29 34 38 
26 
52 56 55 
29 29 
45 50 54 46 45 46 42 
19 
36 37 36 5 41 
45 11 
57 55 
31 57 52 10 
57 54 
38 38 
69 69 
30 
39 39 39 
56 
61 6 31 0 0 
31 34 30 54 
35 13 
66 63 
49 15 
65 34 
71 3 98 
44 28 1 5 
30 
51 
49 39 49 
45 52 49 49 15 
46 18 
50 53 
19 
18 
31 
44 9 42 41 
50 35 
18 
74 
64 54 
64 63 53 37 
47 16 
66 40 
70 28 
93 45 
97 25 49 17 
40 44 13 
37 7 12 
39 12 14 
76 32 
37 37 
42 44 41 
86 34 
36 11 
53 46 20 22 
32 35 30 0 28 
29 23 2 
32 
30 29 
35 33 40 16 
37 1 8 7 
46 
60 33 
40 
93 48 
30 5 7 31 
97 12 
46 11 46 
59 10 29 1 
40 12 40 
43 34 
65 12 
66 
35 39 37 2 22 
50 11 14 
45 30 50 39 
60 55 
47 24 
66 
38 0 5 
27 
52 49 17 
57 4 14 
30 
42 41 38 
52 51 28 49 
28 
33 8 3 44 
58 12 
75 5 
33 33 
38 37 41 
51 21 52 56 
39 37 40 
23 21 
54 
64 8 33 
18 
50 6 
61 20 
34 3 7 
35 
45 
32 32 32 1 
63 35 11 5 
65 69 
42 
57 31 48 16 
45 28 6 
21 22 27 
39 
22 
56 59 
95 
28 
43 61 41 26 
57 38 
58 52 
48 49 50 
57 29 
68 40 
45 6 48 31 
31 41 28 30 
63 
49 17 46 46 
52 54 
22 44 19 22 
51 17 51 51 
47 
25 3 20 
54 55 9 53 
44 8 10 13 
48 
19 
61 26 62 
43 
66 
54 
50 
41 40 42 
58 6 
55 
96 16 12 91 
18 
28 22 1 
41 
46 
68 23 65 
56 
37 40 9 
66 17 
77 31 
29 48 1 
42 59 
53 
27 
42 47 
35 37 
93 17 
56 38 
18 15 48 17 21 
96 
45 23 18 30 
45 42 46 
35 12 
70 17 35 
77 7 
56 22 
21 
28 8 23 
90 56 
54 30 6 
80 45 
93 1 
29 
33 41 0 
50 6 53 12 14 
52 23 10 
61 62 
44 11 41 7 10 
27 33 
44 1 
49 
27 2 
68 73 
23 
65 4 
57 60 
68 
58 19 58 8 
51 26 
48 
58 56 
39 
69 41 
66 7 
58 
68 
29 29 
71 72 
65 
46 
68 
57 1 14 9 1 
46 8 31 44 
52 
55 29 
66 12 
29 
24 25 51 
81 
52 
54 20 26 
61 
47 46 3 
38 8 48 40 1 
65 
49 
24 
81 8 43 
46 46 9 17 
44 7 
54 54 64 4 
39 
41 
63 61 
57 61 
75 12 12 19 
58 1 
46 46 10 
73 
54 
46 44 35 4 
49 46 24 
33 2 
42 43 41 22 72 9 5 
57 3 
24 
41 43 7 5 
54 30 85 
36 31 
50 
46 
44 43 
53 
50 54 55 
31 7 30 8 
21 
46 45 17 
39 
44 22 11 15 
38 
41 11 49 10 
36 
52 42 
61 63 39 1 
60 39 61 26 
51 57 10 
36 10 8 
61 54 23 4 63 
70 11 40 9 
47 18 30 
67 16 
37 37 33 36 
69 16 
38 40 12 2 
58 65 
47 47 12 
70 45 
51 0 
60 
33 27 29 36 28 32 
34 
80 26 5 50 
59 57 
30 
33 
63 28 
41 21 5 9 48 
22 
50 9 
43 1 27 16 
19 
62 
18 
52 24 30 
64 28 
64 37 
37 
37 4 10 38 
41 
94 
36 
22 25 
37 4 6 
25 
80 66 
32 51 29 30 36 
86 45 
46 
55 14 49 
56 1 
27 
69 7 20 
65 31 
82 
72 3 
36 33 14 10 
36 5 2 
45 45 
33 6 0 
56 17 
68 6 
31 26 
64 64 
71 60 
53 21 
64 31 16 
80 41 
50 
25 
83 48 
95 40 
41 46 
18 
56 26 
37 
49 
44 41 14 7 
85 
72 4 30 62 
48 
25 
40 14 
45 19 
19 
41 
66 53 
38 
40 39 
39 0 38 
24 
59 
60 62 
55 44 
35 37 
26 28 52 30 59 
59 
47 
95 14 
74 1 
58 55 23 5 53 60 
55 30 
71 40 14 
25 
61 58 
34 31 11 25 
31 14 
64 58 12 31 
21 22 
30 72 35 7 
67 58 
50 53 10 32 
43 
30 
46 14 50 
45 9 36 
46 
27 
79 38 
31 63 
32 34 25 
52 11 62 4 
34 13 
45 49 12 
35 
51 34 
72 69 
57 38 
41 19 
75 97 
30 10 
36 
53 18 30 
28 
27 25 
60 40 
52 15 
51 0 
45 14 50 48 
33 28 30 30 
70 47 
45 
28 26 
59 19 
26 24 
71 69 
61 62 
30 
41 42 40 
50 
34 3 32 
49 49 
48 8 17 49 44 
38 3 37 
25 20 25 
66 66 69 
31 
35 37 29 
51 8 36 
41 43 41 9 16 
51 
22 
59 
45 31 
65 
62 
41 
54 53 
58 10 20 
41 11 40 
66 64 
22 
31 
36 35 26 1 
52 
55 27 
43 35 
52 20 
62 16 33 
40 43 56 10 14 
61 27 1 23 
31 1 43 
34 43 34 
44 27 44 44 
19 
31 
66 
67 33 62 9 
33 37 
65 35 67 8 
29 
50 
89 6 
46 48 
31 40 5 31 
95 
36 5 
55 57 
49 22 10 48 48 
28 25 
56 14 17 21 58 16 
31 27 25 34 
30 
45 
23 
33 26 27 
55 47 
74 30 
30 5 21 30 
36 40 7 14 5 
72 
59 37 21 
78 47 
26 25 7 
53 44 3 
28 4 
74 71 
66 16 
62 65 7 
56 32 31 
60 25 
53 26 6 10 
47 
73 42 64 
50 31 
38 16 
43 
20 17 
66 70 
38 29 
56 6 
27 12 51 49 
65 19 
57 30 3 57 
55 21 20 
56 54 27 
79 51 
34 
36 7 
20 46 26 20 26 26 
53 
23 
51 55 47 
63 33 
36 14 37 
18 
53 54 
67 58 
53 27 
75 47 
21 
58 
40 28 5 31 
88 48 
56 19 58 27 28 
43 
27 4 26 28 29 
58 17 
41 8 40 42 15 16 9 
65 12 
68 59 8 40 
69 69 
30 28 15 
20 22 
56 
67 66 
33 
41 8 15 
63 1 33 
26 30 
42 19 39 40 
27 27 26 
52 16 60 
92 70 
52 57 26 51 
66 39 
30 28 57 8 
46 45 
29 39 
35 
50 18 7 
68 10 
65 10 
25 15 
34 
54 16 
46 
21 
27 
42 6 
56 
72 44 
50 3 16 11 
41 
41 1 11 
41 7 19 
54 29 
55 56 11 
36 1 1 
37 36 8 
21 36 
45 
73 73 31 
62 28 64 57 
46 39 19 30 
93 8 
59 23 5 
29 
83 15 
39 
56 31 24 
22 26 
54 
55 7 
23 25 26 
48 
19 
65 6 
25 
20 27 53 34 
96 12 
31 34 32 7 
58 4 21 7 
19 
41 35 
61 
49 
40 9 1 
35 
67 35 
63 32 
73 6 
53 22 
92 0 46 17 
64 62 61 35 13 31 
37 
60 35 
47 4 
48 21 15 48 
75 59 38 20 
48 43 47 12 0 52 
26 30 
96 13 
32 31 39 
45 45 47 12 39 
31 34 
65 8 
45 44 
33 7 1 
84 74 
18 
53 
55 57 
67 
96 12 
31 5 36 27 35 
55 62 7 
35 
60 32 14 
47 46 44 13 48 53 
77 77 
49 7 
73 13 5 71 45 
68 45 
70 11 
38 34 31 
43 7 38 80 
50 44 24 50 
69 64 
41 17 
21 20 23 
53 25 2 49 
46 
90 11 
67 36 27 
97 16 
39 
61 
67 57 
49 29 47 38 47 56 9 
34 32 
55 10 
68 8 
39 24 5 
39 31 40 27 
36 38 
98 
79 
52 
44 11 31 7 11 
25 48 
27 
64 6 1 
20 17 
53 51 10 
56 59 52 31 57 
26 
49 
60 62 73 0 
65 
65 
55 31 
52 5 58 
23 
36 21 31 36 35 
20 
74 70 
57 16 
52 
44 44 43 9 
22 
53 14 21 
36 3 36 32 0 25 
37 12 43 
30 0 31 3 0 
67 69 
77 
72 62 
68 4 
69 62 36 
48 46 
27 27 57 28 
36 8 7 
42 45 
72 71 
34 7 15 3 
49 50 
34 29 
81 38 
86 12 
21 24 40 
27 50 23 
51 
61 60 
57 63 25 
88 
62 39 
58 4 27 24 
60 61 
61 4 61 12 6 
33 
52 37 
54 49 
47 
54 9 
62 27 
40 
56 3 25 54 25 
77 36 
37 11 31 6 19 
43 37 17 44 
27 
28 30 28 26 
27 
53 
19 
40 24 13 
66 34 
31 29 
71 5 
63 38 
30 26 5 32 
43 44 42 38 38 
64 32 
64 
41 33 4 45 
61 16 
70 59 
68 17 
58 
34 2 28 9 0 
22 25 
95 
51 
59 57 
29 54 23 2 
92 
42 14 13 22 42 2 
63 64 
37 2 11 36 
32 1 
92 13 
41 36 
28 4 
32 
27 
80 
24 47 
28 31 1 18 
49 43 8 
33 60 34 
51 10 
68 
97 
31 0 62 
64 
98 
44 
58 28 53 
48 15 14 12 
40 8 38 
98 40 
24 23 
34 9 30 
32 
62 9 25 26 
74 
46 46 0 26 7 12 
47 36 16 16 
38 
45 
38 
50 55 50 13 15 23 
55 50 
53 
26 5 26 
74 81 
62 67 
54 17 42 1 
53 
64 8 
43 
66 19 29 
50 44 
27 24 28 
70 
59 13 
35 
21 27 44 
25 28 1 32 
33 34 6 
54 56 29 
35 59 6 58 46 
66 71 
91 
58 27 
19 
38 29 
18 
25 32 
60 1 59 
47 16 1 47 
34 23 1 
26 21 29 33 
35 6 
38 17 60 
31 9 12 12 
54 21 
28 30 23 9 
56 54 
41 
54 
50 12 17 
30 
28 48 28 1 28 28 
92 4 
38 37 9 0 
34 
46 
34 2 
47 
49 22 16 
53 57 
38 36 6 28 
38 10 35 
44 18 3 41 
30 
36 15 
65 22 
25 47 27 2 
38 36 
60 55 
66 
34 
20 3 21 54 
22 23 
58 29 
57 0 
39 29 37 
83 47 
32 
42 13 44 43 4 
21 
30 
49 46 
64 37 4 24 57 
40 18 42 14 13 5 20 
40 42 17 11 6 
39 28 5 
39 9 38 39 9 36 
35 36 36 5 
43 
27 
62 
35 38 45 40 
66 66 
52 33 51 
70 4 
22 
21 16 17 22 18 58 
56 24 60 
67 66 
43 27 
38 
43 38 10 45 
43 39 47 
98 46 
88 6 
42 38 1 12 13 
74 62 
36 11 
35 33 
66 41 
33 31 30 3 34 
24 28 43 
93 51 32 
65 32 
68 68 
32 
32 9 30 12 
97 41 
49 
18 
87 9 
38 33 65 
34 6 
19 
71 
64 15 5 
65 30 39 
87 41 
27 27 53 29 25 
70 41 
34 31 
37 35 15 
68 64 
18 
19 
60 
36 
56 58 3 
59 40 36 
85 51 
69 
45 51 
82 
44 
20 
64 32 
89 37 
54 
71 8 
34 
75 81 52 40 31 
39 6 17 8 11 
53 56 
66 
31 21 17 31 
46 
59 59 
35 10 12 14 
72 69 
46 15 48 85 
31 
46 23 12 27 
66 68 
43 43 42 17 2 
37 13 1 5 
68 39 
56 59 
56 19 
81 59 
49 10 
52 11 
97 22 
36 6 54 26 
59 
39 8 35 
69 10 
36 7 15 8 18 
43 44 36 9 
91 
49 43 43 0 
25 
54 
72 
34 34 10 1 
98 
29 17 0 4 29 45 
58 26 
55 31 
50 14 0 
31 14 
39 33 37 37 
64 37 
84 42 
59 1 9 60 23 
32 42 31 
38 9 
80 9 
23 
34 28 
70 
32 2 37 33 
86 
57 7 44 32 57 
44 43 18 
44 69 41 
56 27 
71 71 
75 28 
90 30 38 
72 65 
64 11 62 
48 45 
29 
46 5 
66 25 
62 41 11 
44 
62 9 62 
59 26 
49 
52 19 
41 8 13 
51 0 50 30 
48 
40 41 39 45 14 47 
43 40 
56 15 
33 18 32 29 
78 20 
57 
28 20 3 26 26 
31 
94 
54 13 54 
69 
47 50 
32 9 32 14 
66 3 62 7 
51 
23 25 22 
40 39 
35 3 1 
41 12 46 
46 
34 11 7 10 
68 19 
64 21 
34 3 37 26 
63 
33 35 12 
31 29 
63 2 
91 48 11 29 
38 3 44 35 33 
64 64 
49 
68 12 15 
18 
55 32 
61 60 
43 7 
28 31 29 
55 58 
53 24 28 
63 20 62 
52 93 26 6 
47 48 32 
67 24 
70 6 69 74 50 
56 14 
28 27 
34 3 37 3 30 29 
20 
74 34 
38 4 37 12 
51 62 50 26 
30 5 0 30 
61 3 64 
20 
46 17 
84 46 
48 68 14 
31 
49 44 47 
27 27 36 
31 27 2 29 
38 9 
89 53 87 33 48 
74 44 
43 37 31 46 45 
21 4 17 21 
30 19 13 
45 17 17 14 
68 69 
70 24 
37 40 8 45 9 
54 
30 
33 37 
55 
38 
89 45 60 67 59 50 
20 
52 8 0 
34 
36 2 
62 28 
50 
94 19 
36 9 8 7 
39 11 35 6 
38 35 45 8 
35 42 37 34 7 
34 32 
63 
33 
39 2 
26 2 
24 22 
66 
36 43 
64 35 57 45 
75 54 
42 4 37 42 10 27 12 
60 2 28 
72 72 
28 
98 39 
22 22 
59 48 6 33 
55 42 58 16 
43 43 12 
36 
43 42 4 
69 66 
79 41 
95 46 
51 62 0 
53 49 
85 
35 8 4 
73 63 73 54 29 
52 50 55 
65 68 
22 
29 12 42 
64 4 
65 6 
69 22 
23 
28 11 
30 5 
47 
45 25 34 
60 23 34 
73 1 
47 
50 
34 
48 13 55 7 
49 0 44 
34 
45 0 11 18 
34 8 
58 54 
30 38 49 38 
50 12 53 
28 26 23 57 
28 1 27 
29 26 
46 11 9 
65 41 
87 
58 33 
32 26 29 33 
41 
74 8 
83 
61 55 
29 30 
41 43 4 12 9 
32 33 
73 70 
26 27 
34 11 3 35 32 61 29 
57 11 28 55 
61 
60 
31 7 33 31 
52 
79 13 
54 12 31 
24 
64 30 
70 69 
54 
62 
30 7 
27 54 
44 
51 
30 45 8 32 
51 24 0 17 
36 
61 55 
60 
39 3 1 0 
58 
68 
35 10 
39 
59 28 7 32 37 38 
43 17 16 41 14 13 43 
71 26 35 
59 31 64 57 
30 12 32 
50 11 
48 6 
40 38 10 47 14 6 
42 
45 16 48 56 
48 16 15 
93 72 
52 21 61 9 
47 
34 5 24 32 
36 
35 6 0 6 
47 47 45 
45 51 27 27 
64 3 
49 47 17 42 
42 
30 
99 93 
18 
35 37 15 14 
33 
25 
34 
43 40 1 5 15 
39 36 38 3 
59 18 51 55 57 19 4 
69 24 
31 41 25 
28 23 54 
40 25 42 1 
52 
67 3 
59 19 
44 
43 43 8 27 
39 35 39 4 
18 
23 
48 8 
40 33 7 
56 49 
84 14 13 4 
37 15 13 27 19 
52 12 
48 22 44 14 
19 
38 37 37 23 6 8 
45 24 2 24 
24 
30 4 30 
42 42 6 38 
47 
86 6 
49 
51 31 53 81 50 25 53 
45 47 
59 33 
52 22 30 26 
59 14 
24 
31 1 35 
19 
65 18 
38 23 
32 31 12 33 
51 16 
56 51 
30 35 10 43 34 
39 12 
34 1 
32 29 38 27 
27 49 22 
53 52 
35 4 12 39 
50 52 
65 20 
53 18 1 
46 
62 1 32 26 
19 
47 12 1 
34 33 
34 
27 
43 2 17 
26 26 
36 
51 
55 26 
48 52 
68 67 
39 9 2 10 
50 20 45 53 
45 46 16 64 
54 25 
64 10 
31 30 
36 41 14 1 35 
73 51 
77 
40 68 41 
63 54 
47 11 
90 
44 
26 14 
67 25 
74 
53 34 20 
21 1 50 33 
54 24 54 30 
18 
51 30 23 5 
19 
69 13 
29 29 7 29 21 28 
45 47 6 2 
27 
64 59 27 62 11 
78 21 
28 27 
25 2 32 61 
40 17 
21 
61 21 
63 40 
60 57 63 
30 6 4 
46 32 53 48 
20 
47 
70 9 
50 24 
21 
55 58 
46 18 23 48 47 
34 
66 23 
47 12 
57 59 
67 39 
27 
54 34 4 13 23 
93 47 
52 19 4 
44 7 39 42 11 
72 41 
47 18 46 
72 30 
28 62 30 
38 37 17 8 13 4 
63 29 
18 30 11 
42 34 43 12 15 43 6 
36 40 37 14 
95 48 
44 40 42 51 7 2 
72 39 
43 40 41 43 6 
36 10 9 
95 17 
70 11 
33 32 0 14 
58 27 
48 46 25 
53 
30 0 
19 
68 
58 0 
61 
51 11 6 
39 37 
42 
69 2 
19 
33 5 46 28 2 36 3 
43 
25 
67 0 22 
20 
59 4 
46 46 6 
27 22 
35 14 15 38 
56 
27 22 
72 26 
69 8 
61 59 
36 7 2 39 4 34 
26 48 
23 
74 
68 68 
66 29 
36 30 11 41 36 
36 2 36 
31 34 32 3 6 
55 26 
63 11 63 16 
37 37 
58 55 6 8 
57 31 61 
48 27 17 25 16 
68 
50 39 
37 
42 
50 
48 46 17 
56 57 31 50 
71 70 
42 41 43 41 
45 
18 
46 11 1 28 
34 33 32 
37 6 
46 
19 
31 35 
22 
52 49 
46 50 9 25 
69 
47 48 25 
90 4 50 
19 
57 13 57 18 
22 
59 48 
32 34 26 
50 
61 9 
62 4 
34 8 
58 
37 67 12 31 
55 59 
26 
61 64 
62 7 67 
62 31 60 30 
44 40 
45 
78 41 
54 65 
25 
34 28 
60 7 
81 11 
40 46 38 
47 48 
47 1 13 11 
33 35 7 
51 60 20 74 22 53 
62 3 
32 13 26 
35 35 6 4 
65 
55 26 
46 
65 69 
60 63 
39 35 34 7 
62 1 
78 
60 21 
29 
44 27 14 40 8 
56 32 
46 17 20 
39 9 14 
48 
53 49 20 50 8 53 42 
46 29 47 15 
65 29 
70 7 
35 
36 18 35 39 
61 8 29 
48 15 
98 
62 7 63 
23 17 23 
44 15 3 72 
19 
54 20 53 
74 4 
89 28 
27 28 
35 38 8 40 
61 22 62 51 
66 44 
66 
83 74 
73 32 7 
43 42 9 37 
57 62 
18 
68 0 
69 24 51 
39 38 61 20 35 
30 12 
36 37 
86 5 47 
45 28 47 1 
89 49 
36 37 
49 45 42 19 
58 43 
72 7 
84 13 
69 10 21 64 
65 1 
50 
54 4 16 28 
29 26 5 6 30 30 29 
93 71 
57 5 
43 44 
54 42 18 6 21 
44 8 42 42 
54 
58 4 
28 
91 
55 8 
55 32 45 59 9 
38 3 5 10 
31 32 27 61 
88 
48 1 
42 
72 11 51 
39 7 4 42 
46 33 45 48 22 
60 30 
31 37 43 30 3 
67 27 16 
35 
40 7 30 6 
18 
66 29 36 
75 
21 
55 17 
40 21 
42 
53 51 
99 96 
54 
32 28 
93 
31 32 33 7 
34 32 
25 
80 14 
66 3 
39 16 
72 39 43 73 68 7 15 
66 10 
53 
22 
92 
58 20 
38 33 8 13 39 
34 32 39 28 
39 10 8 28 
63 0 
33 
31 31 30 
91 17 
42 
32 5 
40 
52 17 28 
25 
22 57 
55 9 
36 36 11 68 9 
63 15 
37 37 39 1 0 
44 12 7 31 
38 13 38 
23 
47 
96 
42 
44 61 13 10 
24 
51 
68 67 72 
82 87 
58 52 
44 20 41 17 8 
61 14 
89 65 48 14 68 
22 
26 29 28 1 
67 9 
38 9 40 11 25 
93 53 
35 37 10 
26 16 29 52 27 
51 
63 3 
41 
56 58 
40 26 
41 16 6 38 18 
51 52 22 52 30 5 
54 12 3 
37 44 0 41 
19 
28 5 2 5 30 
37 8 7 
38 9 63 9 2 
34 34 
32 27 
69 63 46 
37 27 6 43 
72 69 
57 
66 69 
59 57 
38 10 19 9 36 
39 34 36 17 
46 51 16 22 
55 57 58 9 61 
90 8 
28 4 4 28 
56 54 2 
46 51 21 45 
61 58 17 
25 
73 75 
45 17 51 13 
35 
35 
54 
57 21 23 
38 37 
40 15 
58 1 56 37 
73 54 
68 37 19 
27 63 
63 63 3 62 
55 57 58 27 24 23 
48 47 10 26 
67 64 
45 
49 30 47 47 49 
22 28 49 
32 38 
48 
64 12 
83 40 49 
78 15 
58 57 30 53 22 48 6 
21 26 45 
26 1 46 0 
44 42 6 42 
72 70 
59 5 11 5 
36 35 10 0 7 
20 
39 
37 
37 15 
36 38 35 5 31 
19 
54 
41 39 
87 96 
70 68 
63 58 27 
35 
41 7 3 
67 63 
44 6 38 28 
45 5 
39 12 
62 24 94 
35 29 41 42 0 
89 24 
71 5 
55 1 
30 30 12 3 6 
37 2 37 7 11 
36 
40 
71 73 
29 
78 
35 
45 11 10 16 15 
42 
51 53 
22 
35 38 12 
50 
70 55 66 
41 31 
68 
23 21 
66 27 
66 15 34 67 37 33 12 
32 27 12 67 38 62 9 
30 
30 
25 29 28 
54 13 
64 4 36 
36 
42 20 30 
49 44 12 25 
71 
34 
91 98 48 37 
24 
54 22 28 
42 
60 59 16 
61 
32 29 10 
49 22 24 55 13 47 
29 3 
29 27 26 2 29 
55 19 5 
52 29 25 17 55 52 
51 48 
74 
43 40 10 44 
46 18 
49 57 20 43 
49 51 44 16 
56 62 
68 51 
47 23 68 
63 62 
32 38 9 36 
41 39 
45 49 9 12 
53 12 
64 53 
59 63 33 
32 30 3 2 
46 30 49 48 
50 
46 
67 21 
60 
22 48 
59 5 
36 6 37 
53 
23 
41 
33 1 
38 16 14 10 
22 35 
36 23 32 
38 8 
54 
50 
35 
56 54 12 32 59 
26 52 
26 27 
36 38 31 5 39 
96 15 
43 42 13 
47 
48 
19 15 41 47 
58 29 
71 44 
56 
74 70 9 
39 
64 32 
63 30 
43 17 6 11 
51 57 29 55 22 17 28 
73 71 
33 
63 35 
43 16 14 29 37 
46 
57 15 
32 
88 76 8 
51 23 7 52 
64 62 
59 64 
37 11 
59 
56 34 
58 15 
27 
71 67 44 
56 57 29 
52 28 
32 32 5 14 
87 49 
57 27 
81 61 
50 
53 1 3 
28 0 
47 
34 38 42 9 
42 5 
90 83 
35 43 
45 50 
32 5 
84 51 
32 1 36 31 11 34 34 
73 39 
32 30 
38 32 7 37 
85 31 
64 24 
40 37 
58 61 
60 31 
71 58 
51 
58 60 73 57 
62 16 28 
85 9 
99 51 96 
33 30 31 15 
68 28 
67 42 
19 
50 
69 62 
51 51 3 
21 
55 67 
47 
72 54 
39 28 7 34 11 3 36 
68 35 
94 72 
34 
27 27 26 
59 29 
44 
36 63 7 1 41 37 3 
32 
33 
69 
27 34 28 59 31 27 
32 60 
52 58 29 
72 33 73 
45 33 
22 
47 6 
94 2 
49 43 48 4 
57 20 
57 53 61 
18 
52 15 
60 46 
27 26 26 2 27 
58 9 18 53 
35 64 37 8 
32 
54 21 18 50 52 
66 71 
45 
26 25 50 47 
26 
55 55 
66 51 71 28 
46 
30 
99 69 
29 4 32 
27 26 28 
45 17 40 
54 55 20 25 43 2 
41 
66 13 1 1 0 
45 30 47 50 
98 
36 38 
51 3 
25 26 27 
67 44 
47 45 
33 
43 15 40 
73 44 
27 54 0 
19 17 39 17 
48 6 12 
36 14 
45 32 88 25 
38 39 24 15 37 
92 
35 38 10 12 
21 
29 51 31 
28 
41 
47 
50 51 54 54 31 53 
66 40 
27 31 9 25 30 36 26 
37 38 5 
41 38 
45 
42 13 7 4 
47 
62 8 
65 27 7 
55 17 
94 
46 13 
64 
55 58 
35 0 
63 28 55 55 11 
58 58 
18 
86 
49 
30 7 30 35 
69 17 
26 
59 7 0 
40 45 12 
28 
52 58 
38 39 31 
60 
64 29 
29 54 26 27 
34 31 31 40 35 
40 
59 34 6 
38 36 33 
74 
72 34 43 
69 1 
60 6 
54 40 49 16 
69 63 60 59 
48 15 
48 
95 29 
29 40 
56 55 
52 18 25 49 
68 65 
76 41 
21 50 
51 
88 
36 18 15 44 
52 26 2 53 
59 59 64 60 
62 38 
58 
21 51 
89 34 
47 10 
65 74 37 
89 17 
25 22 
71 69 14 43 9 10 
27 25 25 25 
67 
58 59 
51 1 49 56 
41 
32 
67 69 
18 
51 
58 0 28 
43 49 38 17 
34 57 39 31 
33 7 
40 16 11 
53 55 49 51 49 
62 
72 15 
43 4 
42 
44 
48 18 21 47 1 3 
87 8 
83 24 
60 0 
62 16 
50 20 
35 14 4 41 34 
39 
25 
29 
56 
40 17 8 10 35 23 
35 20 1 4 
38 67 34 36 
58 44 
46 7 2 31 
65 
89 
66 
55 15 26 30 
29 27 5 28 
46 
47 20 20 9 
40 40 
40 18 7 15 
49 
54 
60 0 65 54 3 9 
35 14 37 
68 58 
50 45 
32 35 
96 3 
26 15 33 28 
37 41 
31 3 25 
18 
18 
32 40 
49 44 24 45 
81 6 
66 12 
75 56 
86 10 
85 
32 7 32 
93 
40 8 41 37 16 27 
67 1 38 
44 42 
32 5 
57 57 
34 7 29 45 38 
32 27 
41 41 25 42 42 
44 1 39 36 43 
63 56 40 28 
25 1 1 50 
47 9 16 
58 2 
79 4 
55 56 
40 18 26 19 
25 
62 69 
29 
23 
48 50 
47 11 42 
21 
20 
24 22 
36 
71 29 
64 61 
33 
31 39 11 32 
49 8 10 
39 
18 31 39 49 
57 0 19 
70 63 37 
74 64 52 
78 
20 18 25 13 
52 11 52 
58 59 
86 43 
41 
30 32 33 
96 51 
21 46 
38 9 39 35 
60 37 
63 68 58 0 
54 20 
51 53 14 61 51 41 15 
33 
51 
53 
38 39 37 1 
69 13 
49 3 
80 53 
47 
37 41 48 10 
37 54 22 
28 34 29 36 
32 31 31 9 1 
62 50 58 59 1 24 
73 44 
62 48 
60 25 
31 6 4 35 32 28 38 
44 12 0 43 38 10 
37 35 18 7 34 
37 37 3 
41 49 
27 
56 48 
79 54 21 
74 
79 49 
38 8 15 43 
32 37 10 
54 
47 14 8 0 14 
72 
53 10 52 
60 47 17 
39 41 
65 
58 17 26 
20 14 
78 94 
39 0 37 
84 57 
43 31 15 
66 
69 12 
44 15 
67 44 
92 22 
18 
33 1 23 30 
53 
68 
38 29 41 8 5 
53 
41 26 43 10 11 
63 
83 
33 
30 
42 14 15 
41 12 0 8 
26 
94 15 32 
67 
72 8 
47 13 26 48 
35 13 36 38 38 3 
71 
27 27 8 30 
19 
81 43 
70 47 52 
20 31 20 18 27 55 
60 62 37 
41 11 15 15 
44 12 6 39 
26 30 60 
39 1 25 38 
67 4 
26 28 
19 
19 
21 
29 30 5 
55 0 14 
71 7 72 
19 
59 
55 
59 
29 33 34 3 
59 12 
58 55 
67 39 
54 49 
65 
55 60 47 
49 
52 28 27 
45 20 
21 
49 
54 3 1 
35 23 5 5 
40 41 7 13 
52 
58 57 
57 41 32 57 27 
31 15 
33 
35 
60 59 
70 62 36 
47 38 16 43 
43 42 13 5 
61 
64 13 45 
41 
26 22 21 
20 24 
63 58 18 39 
64 
30 
43 
32 28 
54 7 52 
65 22 
71 41 43 
31 16 33 34 23 41 41 
96 28 
46 3 20 4 
70 35 
46 33 17 
64 
61 0 6 
64 
63 59 12 6 
27 16 
42 17 3 
90 95 6 
32 
32 31 30 
51 31 53 
46 16 27 
69 24 5 
37 8 33 2 
49 
83 
73 29 
50 29 24 
30 
46 34 
51 27 27 51 61 
24 
55 0 
59 56 
58 29 52 
87 56 
66 
39 36 
53 35 6 50 53 
49 15 
35 7 8 
97 73 
45 13 22 49 
37 12 
20 19 30 20 
34 
35 36 
53 
44 
97 39 
19 
24 46 20 
38 
74 15 
50 0 
37 24 
64 1 61 59 
51 14 
44 
57 76 
35 38 36 
42 
32 9 
34 25 3 30 9 
42 48 18 44 10 38 
33 5 8 
60 66 
20 53 
24 
70 45 
30 
51 
73 68 
58 33 
47 
29 
53 19 
44 41 55 
46 
33 7 65 32 33 
67 14 
66 43 
39 
47 9 12 1 
22 
29 
42 19 29 2 
39 46 
86 
43 47 
19 
39 
19 31 43 39 31 41 
22 
50 
39 7 37 
98 
71 61 
55 57 
47 
32 0 29 32 14 32 
34 14 27 
87 
28 
93 55 
59 54 
26 9 2 
55 58 
58 4 
46 
69 5 
55 59 
51 12 63 31 3 
46 32 17 
20 
40 42 20 14 6 17 
66 31 
61 1 
84 
59 28 
72 25 
34 32 32 
60 63 
40 7 4 45 13 36 
44 
58 3 
69 
61 71 
66 41 
52 52 51 
69 29 
39 19 32 10 
53 
25 3 31 26 30 17 
35 34 2 49 
63 54 25 
40 42 43 5 12 38 12 
82 14 47 
50 
80 68 
78 51 
20 16 41 
40 42 10 14 15 17 
65 16 12 
57 54 58 
58 7 
42 6 5 9 1 
48 46 
44 
37 28 35 13 
69 63 
25 35 23 
69 
31 
28 22 
42 23 
31 2 3 
64 10 
73 
28 
45 14 25 
45 47 10 7 
43 45 
47 21 17 49 
36 2 7 1 
71 32 
56 37 28 
52 
44 19 12 13 33 29 
53 51 56 
18 
50 49 
56 28 59 
31 12 9 
56 54 44 47 59 
35 37 15 
60 
57 30 7 21 
43 
59 49 61 
55 21 
62 
54 48 27 
93 13 
25 5 26 1 26 
58 62 34 23 
48 39 
46 17 45 
71 63 42 62 
42 42 53 45 
49 22 
60 63 
38 40 27 9 
25 2 25 
61 17 
62 0 
72 
64 5 71 
64 60 30 
19 
70 25 
49 
34 26 
58 57 
62 54 38 
43 32 9 43 39 
69 
75 32 
50 53 
59 24 7 0 59 
92 12 11 48 6 27 
18 49 18 35 
32 
43 
73 90 
83 4 13 9 13 
48 
63 27 
93 48 70 
52 
57 49 0 
47 
23 
62 4 6 
32 34 37 
91 
41 17 2 
38 
19 
18 43 15 28 11 
63 11 
51 
80 52 
47 
41 
40 
38 28 
36 9 4 6 
87 54 
71 27 53 
59 26 
26 
57 58 
26 53 
38 31 37 34 
35 45 27 6 6 
52 
54 
37 9 36 0 
73 0 
37 1 
65 65 5 
53 
64 58 
24 
31 
66 46 
43 19 31 
57 30 57 
24 
30 
38 38 31 39 19 35 
35 
24 16 
61 36 
46 20 22 16 
72 
77 5 
71 
46 16 
45 44 49 35 
27 
49 45 
63 31 
36 24 
22 24 
75 
42 
59 27 
44 11 45 43 17 
30 0 2 
57 49 32 
36 40 33 0 26 
19 
40 17 7 47 
35 0 10 36 
44 17 
58 16 7 
41 16 17 
22 
43 37 38 12 17 28 15 
43 26 43 
31 
32 31 31 58 7 
33 29 6 5 12 32 8 
36 36 38 7 
50 15 46 38 
64 65 
68 15 54 34 
51 53 54 3 
39 1 9 
41 41 
55 6 
61 24 4 
95 36 
45 15 
18 16 
44 42 10 31 
36 7 
53 32 53 
68 
31 
58 1 
73 78 
74 42 
41 
47 8 17 6 
61 15 
61 65 39 21 69 
36 57 35 40 
50 
39 5 5 35 
20 21 
40 29 42 16 
61 68 
32 8 12 37 16 
74 73 
20 
34 
44 
42 42 39 
25 30 
59 33 42 56 
45 
44 24 
44 
58 56 24 
64 28 5 
62 
19 
33 1 33 
39 9 3 44 
65 70 69 
65 68 76 68 
40 41 9 26 
65 65 
62 31 60 7 10 36 
65 10 
54 57 
34 31 32 36 
38 
69 63 
51 12 
45 
67 68 
71 
45 46 35 54 
27 
72 
84 41 
45 9 8 
90 50 
76 16 
29 28 
65 66 69 
30 55 13 
44 15 
32 6 1 31 
56 17 18 19 50 
29 17 25 
64 52 
59 17 
27 5 26 
50 51 51 18 49 
34 
34 
32 33 36 
47 52 47 
51 11 51 
69 69 
45 
24 22 48 22 
57 
73 
21 
37 16 12 
50 16 
61 65 63 27 
24 8 
59 57 
54 21 1 
27 
68 
74 72 
37 41 12 
71 68 41 
93 80 
39 36 
71 70 
42 
30 4 
48 26 48 25 
71 8 10 
59 
50 1 
54 54 
35 
29 47 56 19 
49 48 2 
77 16 
83 5 
52 26 
50 
57 6 57 29 59 30 
33 
73 40 71 
55 55 
66 39 
57 
65 6 
28 
33 41 3 
41 36 43 29 
46 31 49 
64 1 
48 39 10 42 
41 45 41 20 
19 
48 50 15 21 
61 9 2 
38 2 18 40 
37 15 5 
74 
85 
82 32 
32 
57 12 3 
74 
91 50 
41 0 12 
43 2 
80 
41 39 29 
32 30 28 61 5 
47 9 47 
30 6 
82 72 37 
23 
76 
60 11 55 8 
32 29 25 36 7 
50 
91 44 
30 62 43 
65 61 8 45 
56 8 9 
52 27 
62 64 
43 
50 
19 
32 11 9 0 
60 
61 49 
54 26 53 15 
63 61 
46 50 29 5 7 
43 
38 37 2 36 
31 31 5 6 30 
60 28 
52 26 
45 11 
59 52 
64 
66 14 
23 
65 9 
19 
46 19 13 50 
38 14 11 36 
38 38 
48 
82 1 
56 
41 
51 18 
36 34 19 
45 
43 33 10 33 6 
19 
51 59 
62 57 
73 15 
53 3 
71 50 
42 39 
67 14 
51 52 31 
41 1 
54 28 
70 9 
19 
24 25 25 
62 46 29 13 
70 68 
31 
35 
74 2 
46 52 37 55 
52 52 
37 
50 48 30 
19 
55 
85 42 
86 
36 37 26 
19 25 3 
18 
63 62 
27 54 32 28 
73 94 
70 69 
44 18 4 
23 
91 
50 49 
26 
23 
49 
37 8 19 35 
19 46 
20 
38 
71 4 
55 55 
56 
61 62 
63 
38 67 8 39 
75 15 32 
38 
30 35 
36 37 32 34 
34 
67 18 0 64 
57 31 
37 
33 
56 26 22 
42 46 27 12 
32 24 1 28 
50 54 13 53 
45 
31 27 31 14 
97 84 
36 
99 
53 25 18 
56 33 
63 
58 59 56 
74 36 
59 8 4 
36 7 64 2 
70 
58 
22 
67 41 
72 
47 47 44 
27 
60 69 14 
39 31 
52 28 52 17 55 
33 
37 
46 2 13 
37 13 41 4 1 
61 6 8 
85 77 
73 74 
35 40 40 60 40 
40 24 
98 97 
54 
26 
73 37 
19 
47 48 42 17 20 
34 
70 
57 55 10 58 14 
19 
55 14 8 
40 1 26 
92 70 
65 
21 
53 
35 35 25 9 
39 37 14 
49 25 38 43 
31 30 
97 32 
49 2 
42 
34 7 
48 12 15 
62 59 
20 
55 55 
72 
23 
58 15 0 60 
36 11 1 
59 
71 73 35 34 
59 11 
74 
34 34 32 41 
27 59 
25 
84 10 
46 15 15 
40 17 28 44 5 
37 37 36 33 
46 44 3 36 51 
65 50 
70 72 
86 
43 3 
59 22 
40 
39 60 4 
23 26 46 
60 54 3 15 26 
45 
42 
52 11 
35 
93 73 
74 66 
80 17 83 
68 86 
58 27 47 
71 13 
23 20 21 
46 48 44 10 21 
31 
41 48 10 12 44 25 38 
86 
70 
50 
33 32 7 
56 
37 
76 65 
60 16 42 2 66 
39 0 9 4 37 
26 30 33 
22 26 
33 9 10 34 
95 
53 4 49 16 7 48 
23 
35 
52 
60 58 17 
60 54 34 
24 
25 35 31 28 
59 30 13 
58 19 
92 14 90 51 
22 22 25 
54 0 
23 
19 
31 
46 43 53 16 12 
30 35 41 
18 
25 
51 14 56 28 
29 27 
47 16 6 53 15 18 
52 56 
58 55 5 
44 
37 59 5 
43 62 6 9 28 
54 11 
42 
39 11 38 15 17 
20 25 
54 57 
25 0 35 2 
58 27 
55 2 
94 36 
27 16 2 1 
52 17 
39 
62 55 
23 26 
59 52 
35 66 32 
77 
57 20 
86 
39 36 6 
45 5 50 51 12 
65 12 
70 62 
48 47 42 31 49 11 
57 33 30 
63 19 
52 
32 29 29 
43 67 
57 49 29 
74 14 
93 9 
68 48 38 
58 17 
22 
43 26 26 1 
43 7 9 
60 62 
53 50 60 
21 4 29 
55 14 
95 84 
29 
56 57 26 
38 38 36 
21 23 
21 
40 
73 
50 
41 0 
65 49 
61 
26 53 
71 60 
37 13 
19 
25 23 28 
40 1 
55 41 
64 62 
18 
59 57 16 
67 44 
21 
59 41 29 
69 
39 
61 58 
28 
43 
65 13 
48 69 10 17 10 28 24 
36 4 34 
53 
99 51 68 
28 26 27 1 15 
53 
80 
33 34 4 
66 
86 
82 17 
27 3 27 
44 46 
34 24 46 32 
45 48 10 48 
36 
43 16 33 17 
29 
60 71 
55 31 
42 4 
43 40 12 12 
50 30 
39 
22 24 28 
56 30 59 1 7 
56 60 
19 
69 9 30 
62 5 
51 25 
67 22 41 11 67 1 33 
57 27 
49 54 15 53 
53 51 
37 37 13 12 35 39 1 
38 44 31 4 9 
46 4 30 72 50 44 
69 15 
56 29 7 55 
43 11 9 7 
29 
44 2 11 3 13 13 
37 35 39 
58 
33 29 55 10 
55 
39 5 13 13 
39 36 10 
79 6 
44 42 30 20 
70 14 
43 9 13 37 39 43 0 
51 
33 65 24 
51 
49 
42 40 15 34 
97 68 
36 
38 8 
59 14 
49 
46 46 24 19 
20 
60 3 
48 
20 
62 57 
44 13 16 11 
77 81 
77 35 30 49 
60 11 26 25 
37 12 24 16 
48 32 
53 50 
74 38 
46 19 
25 4 50 
38 
19 
69 
59 60 27 28 
43 
52 
51 29 42 17 
60 71 15 
80 
56 
24 21 53 17 
47 17 15 15 
52 50 64 32 13 51 
69 30 
50 29 10 
99 5 
36 34 
18 7 44 69 
54 6 
67 13 8 66 
60 4 
45 19 40 31 
37 14 3 31 5 
72 12 
45 32 49 13 24 
26 25 
61 
43 0 50 
94 96 57 
95 52 9 71 
24 1 
60 31 
51 10 
46 12 49 46 16 34 
68 37 
44 14 17 16 
59 49 
25 
67 
45 18 47 
61 54 
58 45 
51 
32 32 
50 52 
52 1 
52 51 
30 34 0 2 
54 48 
42 4 11 29 
45 47 48 17 14 
34 10 9 7 14 
26 0 2 
70 66 
32 33 14 
49 
90 
46 
95 18 
31 
24 20 
48 26 
28 0 24 27 
38 7 
82 49 
60 70 
39 37 37 35 
79 55 
94 48 
23 
96 66 
67 1 38 67 52 
55 32 31 76 24 
59 24 57 14 
47 
43 
64 5 57 5 59 
40 19 22 43 
20 30 25 21 
25 
39 8 37 8 35 
37 7 
69 32 10 
59 14 
55 45 20 52 
50 20 
69 24 
26 11 33 
27 
58 31 
77 46 13 
50 49 10 52 
43 26 
59 58 
65 57 
75 
59 
89 4 
52 14 15 
57 15 
56 62 
24 22 
79 3 
42 12 10 20 7 13 
48 50 30 
41 26 31 12 12 
44 
21 
57 39 57 
94 23 
36 
69 56 
67 59 9 
60 55 
73 14 
59 22 
47 
54 
70 74 
55 0 
40 15 13 41 
38 
70 24 
53 16 15 7 24 7 21 
28 23 3 
38 10 10 
58 
19 48 17 
34 
20 30 54 22 
30 
55 58 
50 17 
42 11 14 29 
45 15 20 43 
30 31 35 5 31 
35 40 
65 14 
27 
47 13 6 26 
69 6 
53 
84 51 
18 
26 
28 18 
40 30 17 
20 49 46 23 
75 
47 10 
46 32 23 40 
54 50 48 
67 11 
37 31 
64 2 
26 28 56 34 27 32 1 
38 
43 
35 35 
42 42 
35 9 41 32 
31 1 
43 6 45 10 
18 17 
63 19 7 27 
56 
42 
32 33 29 
36 13 5 
37 26 6 4 38 
38 16 40 8 
42 
20 32 54 60 
37 37 
55 32 7 
58 53 
46 10 15 45 25 
40 
82 4 
98 47 
26 24 31 
68 13 10 
65 
80 6 
81 7 5 3 
99 48 
33 
31 
55 52 
59 67 
19 
63 12 
35 11 
19 
48 43 23 
33 
43 
48 57 
19 17 17 47 
45 37 13 11 
52 
49 46 
44 
19 
43 10 1 
52 
42 3 
41 42 45 11 
41 
32 16 
56 57 
28 
70 73 44 
67 46 65 83 9 
96 6 
61 29 
18 
63 9 
74 
54 
44 34 26 40 
65 45 2 
25 27 26 
31 
47 
51 
58 8 66 
72 1 
37 11 
39 8 
68 39 
31 20 29 
51 
60 13 
38 12 39 
74 46 33 
39 10 14 0 
41 
69 
53 
37 35 37 
45 48 15 
59 
63 64 
48 25 26 
49 14 13 
65 36 
42 45 
30 30 
52 
59 
36 43 
81 15 
72 63 
31 29 
66 
27 
50 
36 10 17 
26 3 
47 
37 27 37 
69 71 
50 52 1 
42 12 
61 
19 
69 45 
98 
64 62 
20 
54 61 
56 33 
51 6 
99 17 13 42 34 
45 
63 25 45 63 
33 38 30 
42 51 
54 
20 55 
31 13 34 32 10 
50 14 5 15 29 
59 30 60 
72 
66 15 69 
49 15 10 4 
42 74 76 10 
30 20 
20 11 55 
36 37 0 8 
27 33 28 25 
46 23 
54 
67 14 
36 36 43 
24 24 17 
58 
45 52 44 35 
24 
40 20 17 14 
67 
32 3 33 
53 12 32 50 
47 55 23 17 22 15 0 
84 11 
35 
71 
55 
34 10 
42 16 9 
66 21 
37 8 8 0 
54 25 20 
29 62 
45 50 
34 8 2 17 
79 
53 17 28 
49 17 1 5 
74 46 
34 7 
82 
18 
88 49 
77 29 
57 59 55 
18 
34 38 29 29 
49 45 14 18 
40 31 
35 15 16 34 1 0 
83 39 
34 
65 66 
48 41 34 
59 27 61 
30 
42 
65 
99 
35 27 14 8 6 
35 
71 10 72 69 
55 51 55 
42 10 
28 
52 
80 93 
73 43 
61 
52 50 
32 25 
68 10 9 
24 28 23 
19 
65 68 
63 
46 51 39 
26 
52 49 15 17 
54 49 
51 
61 
38 11 4 14 37 
50 
37 38 15 36 26 
25 27 
59 23 
72 37 
85 
46 52 13 15 
34 
55 
19 
26 24 31 8 17 60 
64 
29 58 
33 
79 8 
35 56 
64 9 27 
51 32 
46 29 12 13 45 
25 25 4 26 27 
38 5 11 
73 39 
75 
58 19 
74 73 
36 40 
55 
36 37 10 
48 
61 0 
48 44 
49 
48 
48 7 13 
51 5 13 
86 
69 58 
25 
50 6 
40 
28 35 
52 
90 
44 9 4 42 17 48 12 
44 
86 
61 11 
36 6 9 17 9 
28 51 58 
30 43 
50 54 
86 71 
62 11 
47 
34 2 36 
73 7 53 
20 24 58 
66 54 
31 42 31 54 
19 17 
52 
35 1 3 39 1 7 41 
57 62 
36 
52 12 45 26 15 21 
18 
36 26 8 41 36 16 
46 17 36 27 24 
90 17 30 
31 3 23 
64 6 
54 33 25 
38 
53 27 14 
64 13 
79 44 
64 
