28 52 27 28 22 17 51 47 
65 71 
44 
26 
21 30 25 28 20 43 37 51 17 47 43 51 47 17 27 28 19 
39 
47 27 43 
38 24 49 17 32 41 27 51 46 
53 25 39 
25 49 45 31 43 27 37 
31 24 58 
21 36 31 24 46 21 35 50 25 20 31 39 19 22 16 30 38 47 29 24 40 31 25 24 19 46 41 31 17 60 37 33 38 53 51 27 53 30 49 30 22 42 41 20 20 
51 
44 35 41 45 49 30 47 
46 43 34 
55 58 45 
28 
37 47 26 48 40 22 41 40 
27 35 47 
35 49 47 34 
52 49 52 46 29 31 
64 32 47 
51 
28 25 24 44 30 
35 20 19 36 19 39 
37 26 43 40 
63 49 
37 
42 52 22 26 27 52 
34 17 42 26 43 24 37 45 30 39 40 26 44 22 45 19 49 39 33 
25 45 43 23 18 20 26 29 22 24 31 37 45 29 49 38 26 24 28 49 30 45 53 25 20 46 40 41 20 34 37 43 36 18 26 34 46 33 52 20 24 28 29 35 26 36 27 21 57 16 50 33 21 42 26 30 23 50 16 19 27 25 46 29 46 42 56 37 27 30 20 37 25 37 25 43 51 28 26 44 29 
23 42 51 25 18 49 43 
34 26 58 34 
40 42 31 
34 
58 18 42 
28 26 
59 
55 54 41 38 
51 26 53 
49 51 34 50 18 16 35 29 18 33 
47 44 33 46 37 50 42 29 
48 41 20 
54 41 43 16 29 48 36 48 45 28 22 16 30 28 46 49 48 51 45 54 45 43 48 42 46 32 46 28 45 48 47 31 47 42 
45 44 53 17 59 40 53 22 63 26 45 46 32 41 55 32 25 55 37 31 26 39 58 48 43 45 50 45 43 39 34 29 23 38 59 35 17 59 
63 
49 39 51 44 17 40 51 28 27 29 47 24 38 36 49 31 31 28 42 28 28 34 32 45 37 56 22 32 59 46 55 58 51 18 47 39 54 17 35 48 38 50 54 38 30 21 50 23 40 50 47 54 56 52 29 32 32 28 36 32 30 23 49 52 19 48 47 20 56 49 37 44 36 42 55 35 22 53 37 50 46 30 26 54 28 30 19 37 41 38 18 23 22 28 48 25 58 35 36 46 39 42 30 59 54 38 36 50 17 41 44 17 46 48 35 36 41 38 46 31 48 54 26 49 56 37 38 45 23 43 58 17 42 35 28 35 19 31 19 54 25 33 26 34 37 27 54 20 48 45 23 37 37 35 34 35 38 56 42 35 44 45 17 19 39 37 52 35 18 40 19 58 35 46 35 25 55 47 38 49 42 54 44 22 46 27 27 37 54 38 41 33 51 36 35 46 29 33 30 36 47 51 37 37 57 46 17 53 29 33 30 42 32 25 48 48 52 22 22 44 39 47 41 55 58 44 44 31 44 50 31 34 56 39 16 29 16 32 19 45 49 26 30 28 42 32 48 32 29 46 43 35 31 51 32 43 23 45 54 38 27 30 47 50 32 37 54 53 30 36 38 38 39 36 32 47 61 54 36 42 44 34 35 43 34 35 27 50 52 24 36 41 22 52 34 50 46 34 29 45 52 54 33 35 48 28 20 61 16 57 39 26 30 42 31 37 47 33 52 26 36 26 16 36 29 27 57 30 16 19 29 53 40 51 39 22 50 48 49 20 27 49 16 36 39 42 35 47 47 37 45 35 57 22 44 46 43 38 40 54 55 49 49 30 40 27 33 52 39 29 31 44 19 36 39 29 27 56 57 31 26 19 41 35 39 53 48 22 58 52 45 43 20 16 55 29 50 51 31 35 42 48 54 54 51 42 40 34 23 33 29 50 58 40 55 38 47 47 55 51 35 46 29 41 32 38 33 39 50 24 19 23 38 23 35 47 44 43 16 39 35 44 38 32 35 40 26 24 37 28 46 26 38 57 56 31 33 55 50 36 28 41 44 48 18 55 55 26 49 46 43 28 26 36 33 27 40 39 21 36 31 54 37 39 47 40 41 30 41 20 51 57 27 38 37 50 51 16 26 46 41 39 35 48 18 40 43 49 59 33 20 22 24 41 37 28 21 45 36 54 41 51 42 16 30 25 38 46 32 35 48 46 28 27 46 52 40 29 27 27 51 37 44 53 37 24 56 51 44 20 63 37 16 40 41 36 18 47 53 37 49 23 39 49 59 41 39 27 42 31 20 53 55 42 49 32 44 25 55 34 38 42 45 30 24 58 20 37 38 18 27 48 20 35 58 39 43 40 31 35 51 46 46 20 36 35 53 56 16 28 59 20 46 53 44 32 54 41 39 49 50 31 31 47 28 49 34 39 41 37 46 31 19 48 36 30 37 55 31 21 37 40 33 33 22 32 32 30 33 40 41 43 26 33 27 48 37 53 21 35 26 46 48 38 47 55 34 40 56 26 36 19 36 39 39 41 45 26 43 54 35 55 58 51 29 53 40 48 51 46 38 47 58 49 45 33 37 40 26 33 29 51 52 40 36 56 36 39 55 58 41 32 42 38 41 51 48 52 38 41 31 54 39 40 64 31 30 27 46 41 38 32 40 35 44 37 22 47 23 49 53 26 36 47 24 40 18 42 47 43 55 47 23 28 17 30 42 30 35 52 34 63 37 25 58 38 31 44 38 39 56 52 52 46 36 30 49 43 43 22 27 37 49 49 47 45 46 44 29 51 46 46 35 39 36 40 54 44 34 31 57 20 32 23 56 45 33 17 44 43 38 29 33 57 42 48 49 32 31 25 40 36 28 35 44 44 51 24 38 32 48 36 28 46 58 58 27 37 44 48 27 31 22 59 51 16 35 35 30 20 39 49 28 38 52 56 46 23 46 19 50 35 34 38 51 44 36 49 42 35 32 33 42 48 46 59 49 33 34 34 37 26 30 34 34 37 52 36 41 40 32 31 31 36 37 19 16 42 23 41 22 46 31 30 54 43 38 59 26 46 29 54 30 41 53 43 24 36 21 25 59 47 50 31 41 58 19 21 49 39 18 36 52 29 38 25 28 42 43 39 32 28 22 32 36 58 44 40 57 23 39 25 23 39 36 38 58 48 22 34 50 48 44 45 50 47 47 21 55 30 51 16 17 51 20 42 37 47 31 37 52 40 57 55 47 37 22 54 31 35 51 32 50 45 35 54 26 38 51 45 30 18 36 27 28 54 52 48 26 47 37 31 39 16 39 58 32 37 54 35 42 45 32 47 45 28 35 30 47 34 18 20 30 37 38 49 30 54 30 33 42 30 31 44 50 48 50 40 38 29 25 49 58 40 20 25 28 26 31 52 38 30 27 39 21 43 16 52 31 43 46 34 48 42 27 51 53 44 46 42 43 27 39 47 26 47 39 35 36 45 40 28 38 26 43 31 28 31 21 41 44 43 47 43 52 37 26 37 44 39 45 42 34 38 30 46 26 41 53 43 45 43 45 17 30 50 34 19 45 27 37 34 42 42 44 25 43 36 41 54 60 37 37 55 57 41 49 31 49 46 49 39 34 53 48 32 55 51 29 22 55 59 30 52 21 53 32 37 25 57 48 45 17 54 41 33 41 37 29 31 27 47 48 43 45 20 43 56 39 51 54 29 41 40 43 41 27 28 27 57 45 18 46 18 20 47 22 32 26 42 41 32 46 48 26 39 35 31 31 34 39 39 48 30 41 50 38 19 27 36 28 31 55 49 44 49 32 46 45 26 38 25 28 33 42 48 32 56 21 45 37 42 33 48 52 36 42 46 23 32 36 49 34 54 46 56 56 46 40 31 54 28 50 43 39 49 31 24 24 26 54 29 50 51 48 37 45 28 43 57 26 25 51 34 54 37 49 50 20 53 50 47 33 43 25 30 27 40 38 58 27 36 19 43 41 59 36 31 53 42 36 17 24 17 49 47 47 45 56 44 21 38 45 40 33 36 38 54 31 33 57 28 21 42 43 30 45 57 20 32 24 41 38 40 50 27 24 19 51 46 48 16 39 54 48 23 52 54 31 17 20 41 31 43 27 46 33 45 53 63 46 25 61 50 16 39 43 34 49 51 48 51 20 29 45 45 41 25 35 46 48 19 37 28 36 22 42 34 17 47 53 31 34 49 29 43 58 49 26 36 34 34 53 36 38 48 25 43 51 27 55 61 46 50 39 45 39 49 41 25 41 41 23 45 59 32 29 29 31 31 39 54 49 33 33 40 42 44 29 57 28 37 17 22 39 32 24 37 23 19 41 42 29 34 63 47 59 57 17 42 38 28 46 23 48 22 50 34 37 30 55 51 40 28 37 47 30 37 33 57 31 29 59 19 45 53 55 40 48 35 46 34 21 37 63 33 45 44 43 21 18 60 43 35 38 57 49 48 43 46 22 49 40 52 22 54 44 48 52 38 30 51 56 54 38 41 50 35 17 57 25 59 38 32 50 40 37 31 40 59 26 39 42 38 32 27 59 44 39 31 45 42 31 29 43 48 31 56 46 43 49 50 40 30 18 50 40 48 29 21 40 47 53 50 38 59 27 43 36 44 24 50 52 51 43 26 23 47 32 38 36 22 52 18 44 42 20 38 22 54 48 38 35 47 39 41 51 30 34 32 32 40 44 30 49 28 56 39 22 17 32 46 36 33 34 41 39 26 53 26 47 30 43 54 16 21 45 53 59 47 43 58 46 39 33 24 47 26 32 37 18 56 49 27 41 27 26 37 56 49 35 44 
52 
55 54 
45 38 30 16 28 
60 55 46 
70 60 70 30 40 52 45 30 58 60 32 71 46 70 45 52 63 33 36 31 43 47 61 83 65 22 44 47 28 47 45 37 56 41 48 80 36 20 40 57 23 34 71 94 31 50 59 18 35 66 62 44 73 59 47 56 28 43 48 55 42 19 26 36 44 18 16 18 48 21 49 49 37 22 45 65 17 52 55 58 59 27 18 47 54 47 37 18 74 27 93 29 95 39 28 42 45 49 58 25 18 60 32 37 18 23 38 51 60 35 59 60 36 56 43 40 64 47 45 65 86 48 71 32 43 39 25 31 44 21 25 42 37 49 64 17 56 43 53 60 44 68 26 59 38 39 42 48 26 69 41 33 23 58 54 64 33 41 31 61 30 73 24 59 60 96 41 59 27 58 17 72 36 18 56 66 48 57 24 41 47 32 67 58 74 75 31 57 32 26 55 43 28 49 66 71 55 55 35 49 44 74 60 73 23 63 53 49 58 17 57 67 61 36 18 29 23 40 57 57 42 54 30 22 28 37 59 37 74 32 21 45 58 32 35 46 59 36 49 47 70 55 55 50 22 43 51 28 46 
42 
38 42 34 
28 
62 41 58 
43 61 46 31 25 38 33 41 35 49 31 47 28 27 52 53 38 36 36 
32 42 40 
50 28 38 
36 36 44 46 26 58 45 43 54 
35 52 42 55 50 19 43 49 25 47 39 
40 
36 33 
39 43 35 26 38 28 36 45 22 22 33 48 48 43 30 45 35 47 41 
22 32 27 29 29 33 49 23 27 19 51 24 54 40 28 16 46 
35 25 40 
49 
35 
50 40 42 45 45 
50 19 23 
64 63 54 
34 37 16 33 
28 31 31 48 51 34 38 50 32 
34 25 43 32 31 19 50 
51 59 
50 44 53 46 22 40 59 44 
37 31 
43 39 30 49 
28 40 43 46 50 29 25 43 46 26 
26 43 38 44 50 17 37 22 
36 48 
59 28 30 50 
59 46 
61 42 33 39 43 
43 36 
55 
29 26 45 35 23 29 45 30 21 34 50 27 19 23 33 47 19 51 21 44 28 41 22 46 30 34 54 34 29 34 20 30 31 26 35 26 29 25 46 
33 35 
52 49 39 60 44 41 47 
57 43 31 50 49 30 34 29 40 30 27 53 32 
32 59 41 
39 49 43 
47 42 36 35 33 32 30 30 50 53 55 54 37 53 48 27 54 35 46 54 34 46 42 32 33 36 21 53 51 31 49 48 34 31 36 31 46 41 46 
41 33 
34 27 22 44 44 59 31 31 49 30 19 50 35 20 16 26 43 44 31 47 64 36 60 35 24 51 41 28 31 40 50 26 45 22 22 38 30 41 25 44 49 33 28 32 34 35 45 29 42 20 41 36 43 40 28 55 45 36 24 38 45 25 22 38 55 37 40 31 26 36 46 20 45 26 32 20 62 31 33 30 28 26 36 54 43 25 49 32 38 24 48 36 29 48 35 32 44 58 29 46 44 38 41 54 30 55 35 55 52 30 24 39 43 33 43 26 33 33 33 25 26 38 54 29 27 41 31 44 28 25 50 28 42 55 39 32 46 33 41 26 33 48 48 37 34 41 57 29 37 37 39 52 58 28 31 50 48 26 34 25 35 47 21 32 30 41 23 34 33 44 34 34 48 44 25 60 55 22 44 17 46 30 51 54 33 29 25 33 36 30 51 39 56 30 30 44 35 27 36 60 53 42 19 37 40 43 43 22 59 20 40 48 38 39 26 47 22 51 47 33 27 34 56 55 22 37 41 20 
61 
47 32 34 
26 40 37 44 27 30 56 29 44 26 58 49 37 46 40 24 27 45 33 37 20 43 37 54 31 23 46 52 43 43 47 21 40 32 41 60 29 27 37 53 31 42 49 24 23 28 34 59 35 43 31 41 41 30 40 35 37 27 36 32 51 43 25 37 49 27 53 24 35 37 32 43 21 57 50 59 36 30 29 47 33 30 47 28 32 34 26 25 25 
61 48 
52 26 59 50 53 24 30 28 
51 32 39 
31 34 22 49 29 33 35 39 54 42 27 21 43 26 35 26 42 27 42 25 27 33 39 41 43 
57 
61 
39 38 45 23 
41 25 20 
73 58 58 40 
42 34 29 
51 55 24 48 27 47 29 41 21 21 55 46 31 45 20 49 52 
31 33 37 24 
60 32 
37 34 54 43 34 43 27 26 42 45 44 38 29 48 42 34 44 53 43 47 40 57 53 38 40 38 46 43 30 37 31 41 33 36 41 30 42 45 43 58 34 37 38 53 
27 
54 
32 59 21 53 56 27 37 26 45 
35 39 26 25 35 44 27 45 
42 44 
42 43 52 43 52 20 32 39 28 38 28 23 32 22 
25 47 
28 56 53 43 26 33 54 
38 
55 45 62 37 40 57 52 26 23 37 
67 42 32 59 46 42 65 62 50 64 25 
56 55 
42 56 25 21 
30 50 
36 58 
68 50 49 
53 54 52 32 
60 41 22 59 51 58 61 41 48 46 41 20 34 
51 31 
38 
25 21 32 45 40 27 
37 38 
50 35 54 31 44 
49 45 36 
63 45 48 
25 
38 40 40 27 20 32 44 32 41 29 
37 24 33 23 44 33 
27 27 
44 42 49 54 27 22 44 
28 34 30 36 
57 20 26 32 43 47 30 22 29 22 47 58 40 31 42 43 28 56 47 50 21 46 38 39 31 26 45 52 32 31 34 45 44 61 58 56 44 32 54 59 47 21 26 27 34 31 47 55 25 42 56 41 47 30 42 45 33 53 54 44 51 34 27 51 38 31 53 45 49 51 38 53 48 54 57 51 36 20 52 31 39 46 47 51 35 36 20 57 49 41 31 32 40 35 49 48 33 36 48 59 52 38 46 21 50 48 46 51 30 41 58 42 31 57 48 37 36 50 39 40 60 53 28 41 58 41 32 64 41 53 31 55 56 21 31 32 52 47 54 41 31 31 36 41 40 49 57 20 44 58 43 27 54 50 32 42 63 53 38 21 27 33 20 42 37 32 32 35 57 29 20 51 35 47 54 21 27 37 31 42 46 53 52 36 40 47 47 37 23 55 59 41 44 32 42 28 25 52 41 51 49 44 49 44 44 22 46 52 52 33 54 49 44 44 39 35 33 48 55 48 49 33 29 27 39 26 57 30 38 29 33 56 52 20 51 34 46 24 29 39 30 31 50 31 55 44 20 54 22 52 20 57 57 63 59 36 20 33 40 47 34 50 32 33 31 28 34 21 41 33 27 59 25 29 41 52 52 41 26 54 42 43 27 49 48 53 31 32 20 41 55 51 32 50 28 45 36 46 46 40 28 21 37 39 55 48 40 45 43 20 48 42 51 34 43 40 50 45 54 47 36 45 47 31 35 45 36 41 42 57 34 21 27 54 26 31 50 40 31 27 27 64 32 52 47 57 58 57 54 58 34 34 38 36 35 
39 31 
65 63 64 52 28 33 48 42 
44 39 31 49 21 45 47 33 26 
60 
36 28 31 34 46 48 48 20 21 33 47 59 35 54 22 23 32 29 52 53 42 33 32 40 
28 50 
38 53 38 48 37 
58 42 51 48 38 
28 57 27 34 22 32 34 29 36 42 27 25 30 53 31 24 32 
27 22 33 37 29 
50 46 48 38 39 39 37 43 
36 35 52 32 
50 52 
39 45 39 37 38 
66 32 44 53 42 54 33 48 
60 46 48 48 49 28 48 33 37 42 22 36 41 53 34 26 46 45 45 50 36 23 53 23 36 21 44 43 54 47 31 45 49 46 31 30 52 25 32 39 40 59 20 36 34 39 31 37 48 41 50 51 33 44 38 48 50 59 51 59 57 52 22 50 28 48 28 29 37 39 26 39 25 46 40 
30 
61 32 43 38 35 
27 39 45 34 29 23 41 38 51 52 40 43 
51 30 38 34 41 55 49 37 55 35 
58 58 
59 26 26 45 26 42 
40 20 44 53 23 44 30 43 46 35 37 44 29 41 43 40 35 35 37 31 34 47 49 49 54 29 26 48 49 41 29 57 26 57 54 34 26 32 24 52 20 36 28 36 36 43 42 24 32 27 35 49 51 49 42 39 40 28 26 32 40 47 49 40 39 48 33 37 31 47 45 53 53 39 41 30 25 58 28 38 41 30 
32 42 35 36 
26 28 
61 37 30 42 56 43 38 38 55 49 33 57 33 40 30 31 20 54 58 37 34 
61 55 44 
33 54 35 49 38 49 21 
62 27 46 
51 56 45 40 43 37 48 41 33 
59 
54 43 52 23 29 45 33 45 57 34 
59 22 44 40 45 30 21 41 32 46 52 56 36 53 37 38 42 31 36 49 
29 55 30 28 40 27 33 36 30 46 23 25 28 25 25 34 48 27 32 37 50 41 41 22 32 27 21 32 28 46 54 48 35 33 44 23 31 33 22 25 54 44 32 41 44 43 26 45 42 37 34 20 54 27 25 27 27 22 36 48 39 41 46 33 39 21 25 41 25 46 27 21 38 49 40 29 37 25 43 39 35 45 51 38 24 37 57 34 25 42 42 40 48 31 53 53 39 27 38 57 22 25 24 30 39 43 38 51 48 25 33 29 39 29 23 36 50 51 49 46 36 53 27 29 37 31 42 53 29 25 39 44 45 47 32 49 26 47 37 34 29 30 32 38 27 24 39 32 28 40 44 31 20 
60 45 51 36 37 50 61 43 51 58 46 28 26 31 63 53 48 22 52 30 20 46 37 36 35 49 35 46 37 58 51 57 32 50 48 47 45 57 52 32 27 41 45 59 47 42 53 52 50 38 33 46 55 48 45 40 43 38 20 58 58 56 42 52 45 45 49 40 32 36 40 38 48 36 50 34 45 33 57 30 28 35 45 41 37 54 38 30 36 44 49 35 41 52 24 50 52 25 24 42 40 21 21 44 32 41 33 48 31 27 33 55 43 50 42 54 51 41 53 42 35 22 34 39 31 27 38 33 35 31 50 61 20 56 59 56 40 30 55 37 33 40 40 44 33 26 26 27 59 53 35 24 29 31 55 44 40 30 43 34 50 56 21 58 32 44 39 57 51 53 38 51 36 44 35 52 52 36 29 56 39 22 41 34 42 40 41 42 38 21 41 28 38 51 41 40 29 32 29 42 35 53 54 30 36 32 50 42 51 21 35 62 38 35 40 53 31 55 40 38 54 30 42 57 41 38 36 38 37 52 35 30 26 54 55 26 52 53 32 27 38 25 27 56 36 52 21 31 53 27 58 54 57 31 25 25 50 39 34 62 30 35 36 32 50 32 37 28 50 37 30 22 28 37 58 27 32 64 56 52 36 36 35 28 25 53 58 37 29 28 33 34 53 30 59 25 35 28 53 51 55 33 28 58 51 53 31 54 30 25 39 28 50 34 36 32 32 51 39 51 57 34 39 64 34 57 57 59 32 29 62 50 50 39 54 28 54 38 37 52 52 35 28 54 36 39 30 50 61 39 28 38 30 53 58 50 25 50 35 51 26 56 51 35 27 39 39 28 57 55 30 31 27 37 31 30 27 28 58 34 51 62 35 50 29 33 27 35 54 54 29 36 28 26 50 50 26 27 32 27 35 33 32 30 54 30 28 52 36 52 32 51 53 30 26 28 58 26 55 39 55 52 35 50 54 34 58 30 56 38 38 30 50 30 35 50 30 27 50 35 28 38 25 35 27 31 25 52 31 34 38 30 56 51 30 52 28 27 50 36 53 36 35 26 38 51 32 34 29 52 
62 33 50 27 53 39 51 39 37 27 25 59 36 56 61 37 37 30 57 56 37 30 27 26 35 33 52 27 33 53 32 33 58 59 25 35 51 55 31 57 30 36 35 32 52 28 
65 
70 64 54 31 59 55 59 
57 28 57 59 25 37 64 
25 38 26 50 
29 60 38 38 28 29 39 55 55 31 35 27 26 38 34 37 39 35 37 36 34 56 56 33 25 26 27 29 31 29 
51 39 
64 38 33 58 32 53 52 27 29 53 37 26 35 51 33 26 28 
63 59 52 
57 29 54 26 
55 55 36 32 52 
55 
63 36 
69 25 56 52 64 33 53 57 27 27 67 34 31 37 58 58 64 57 30 29 25 34 56 39 74 38 32 59 25 50 50 33 62 28 39 52 55 26 37 29 30 53 72 51 60 32 25 30 31 53 59 36 51 60 29 26 27 29 25 72 25 33 62 50 29 73 25 29 32 56 31 30 32 30 32 25 58 32 36 25 32 51 38 56 63 27 52 57 29 72 59 57 58 37 52 57 70 53 52 
62 36 35 26 36 32 36 38 37 
26 39 28 
74 35 33 70 69 29 74 36 56 55 32 32 61 65 35 59 58 36 68 39 50 25 53 28 38 67 69 51 31 29 57 73 31 53 31 68 34 68 67 27 57 55 59 51 50 27 59 
55 54 55 25 
68 33 30 74 51 32 28 54 54 
59 56 34 31 25 32 26 34 51 50 32 50 34 34 30 31 34 
69 62 
58 
64 53 34 34 33 52 
62 29 54 
69 29 70 31 64 28 54 62 30 34 59 33 29 29 
63 57 56 30 
62 32 31 55 30 
66 
64 30 54 56 31 52 32 30 26 32 53 52 32 56 58 55 51 67 28 29 27 31 61 52 54 59 31 55 31 30 56 31 58 25 29 26 26 27 55 53 28 53 28 50 29 27 55 59 57 57 25 28 26 28 59 26 25 60 58 58 55 60 28 25 55 59 57 27 59 27 27 29 28 28 59 59 59 25 58 28 59 27 56 29 27 62 25 26 27 28 26 27 59 28 63 28 28 29 59 28 28 28 57 58 27 27 57 29 25 25 29 28 55 62 59 27 27 29 28 62 28 56 59 29 28 58 29 26 55 57 59 26 57 63 57 25 27 29 59 25 26 29 25 29 26 60 57 27 25 61 55 29 60 62 58 58 27 57 25 29 26 29 27 26 26 58 29 58 25 58 26 59 55 56 59 58 57 61 58 58 58 55 56 55 57 57 58 56 55 56 61 58 59 62 60 64 63 62 63 60 64 62 64 64 61 60 60 61 63 63 63 64 61 62 61 61 61 63 62 61 62 63 60 64 64 60 60 60 63 64 62 62 60 64 63 64 63 60 62 62 61 60 61 61 62 63 64 60 62 64 62 63 62 60 62 63 61 64 62 61 62 64 63 63 62 62 60 60 61 62 63 64 61 61 61 60 64 63 62 64 62 63 64 61 60 64 61 64 64 62 60 63 63 64 61 63 61 62 60 62 61 61 64 61 62 62 61 62 60 63 63 60 64 64 62 63 64 62 63 60 62 64 63 64 60 62 63 60 62 60 60 62 62 62 62 60 60 61 62 60 61 64 63 64 62 61 61 61 60 62 60 64 64 64 62 61 63 60 63 64 62 61 61 63 62 61 63 64 64 61 62 60 60 62 63 64 60 61 70 69 69 68 74 69 69 66 67 68 67 71 
67 73 66 66 72 70 70 69 67 66 73 72 73 65 68 70 74 71 74 71 
74 
73 
72 73 71 70 65 65 74 71 69 70 70 66 67 67 72 71 72 74 69 70 72 69 72 68 68 69 73 72 65 72 73 71 66 66 71 67 72 71 67 73 68 65 73 66 66 72 65 68 68 70 71 69 69 67 68 66 69 67 68 72 74 71 69 73 65 69 73 71 65 71 66 65 66 66 65 65 69 69 68 
65 65 68 67 67 
69 68 68 
69 67 66 68 
65 65 65 
67 66 67 68 
