TotalEnrollment
104
358
4
20
2
2
4
27
16
367
21
79
39
37
36
10
21
18
237
1213
1996
484
1272
1361
456
66
128
115
114
100
90
43
33
225
82
93
55
36
401
339
12
245
14
288
57
653
12
311
111
9
263
143
66
63
103
60
203
12
197
501
76
410
425
67
82
310
475
36
883
77
57
49
261
34
62
8
2
4
2
251
330
94
220
82
142
13
115
209
596
144
535
356
151
955
236
256
127
70
185
110
348
181
78
14
151
1057
132
87
64
63
158
153
294
86
258
318
374
225
134
237
667
52
83
594
80
1052
948
239
392
1410
381
146
115
20
28
68
80
402
137
1897
94
86
295
160
29
141
104
106
17
81
13
304
35
150
631
387
201
76
507
18
9
162
1478
435
227
406
464
89
553
108
47
406
57
335
53
619
128
515
160
30
40
30
15
76
439
367
26
73
73
946
269
111
363
43
205
493
264
222
117
78
519
191
57
258
305
432
329
53
165
338
42
30
6
217
496
358
99
322
569
32
736
64
154
741
329
213
383
338
823
178
905
20
563
82
1639
104
21
177
85
426
469
722
1512
452
125
302
214
37
37
460
201
551
1104
663
302
395
261
85
692
179
447
557
150
214
572
806
650
544
386
42
370
387
1405
342
1489
198
138
485
52
1612
470
592
894
733
133
251
1021
201
157
1470
158
121
113
38
714
1555
397
368
155
127
718
423
227
198
1880
189
30
101
1969
1222
571
388
658
478
282
430
683
452
232
455
413
510
394
373
64
32
310
161
1634
617
1197
175
1963
176
564
177
211
211
202
1080
124
529
104
684
711
365
496
319
427
464
595
262
360
1169
679
85
656
243
146
685
455
223
1504
275
578
101
240
509
713
485
836
657
530
394
657
145
1201
1532
577
336
377
513
351
379
544
836
699
521
165
564
138
690
486
84
14
536
269
341
57
400
86
374
1830
101
231
419
579
507
481
526
1936
118
192
461
849
314
703
569
645
1336
272
363
515
364
1286
383
276
508
339
108
928
295
1812
283
629
426
695
190
380
540
175
400
16
581
599
324
359
771
526
33
33
1690
831
499
451
539
491
68
102
17
307
308
274
703
155
521
958
924
663
105
315
210
1301
422
845
480
340
358
305
917
36
666
523
181
526
404
551
847
1494
37
501
374
376
227
890
455
494
191
480
346
770
694
694
135
97
311
974
372
372
491
452
2094
494
514
1207
620
240
280
561
1002
1365
607
81
304
531
409
430
328
185
432
597
824
784
62
331
395
772
651
529
254
1399
595
85
426
620
258
280
604
475
629
283
502
197
44
1562
352
176
640
2009
398
376
400
379
446
335
1119
158
429
612
1317
409
478
319
343
344
713
741
419
421
398
422
258
470
376
472
142
617
665
119
479
503
719
312
48
24
337
338
73
584
463
514
637
319
295
468
739
518
795
401
828
805
126
908
656
379
709
382
486
486
1306
666
489
516
568
388
648
1400
493
1742
26
26
130
495
575
79
896
501
633
264
1085
212
585
559
587
672
511
431
27
1080
351
516
489
245
356
466
220
110
634
607
416
611
1566
336
84
1150
561
561
337
367
537
540
398
828
345
489
1239
433
924
726
610
495
117
1405
586
412
413
1804
296
505
536
417
567
538
60
480
1920
1265
573
181
151
121
425
790
883
580
644
461
524
526
31
403
439
565
942
628
380
734
383
544
32
544
257
515
1644
452
420
194
356
130
293
521
554
718
425
753
460
460
66
891
761
629
596
464
365
664
767
470
2184
507
440
373
2003
34
374
818
786
451
174
837
1193
602
426
321
892
357
1788
394
1688
611
755
360
505
1157
760
400
365
146
548
330
552
810
295
1479
111
333
446
372
597
336
862
75
1500
113
2188
491
718
683
759
38
573
615
347
466
272
428
545
390
858
666
588
981
432
472
119
718
440
40
1883
1002
402
484
606
1541
488
1261
163
694
1552
695
737
451
123
658
1608
745
828
584
544
293
253
338
297
468
213
554
555
726
386
472
473
517
433
520
869
609
174
262
393
175
1008
307
1626
749
397
662
443
89
356
668
491
625
808
540
676
361
677
768
181
498
1494
272
499
409
501
731
458
46
506
512
466
470
282
518
331
805
571
476
1763
1003
287
335
575
386
869
628
388
586
636
447
349
50
1006
405
1118
458
51
256
666
410
821
362
570
415
938
681
158
370
1377
584
531
425
425
213
533
160
320
643
429
1288
376
216
163
328
493
274
496
717
552
553
554
610
613
503
896
394
169
509
397
397
1309
171
630
1090
402
690
461
290
581
407
468
353
1177
590
1481
475
418
241
665
484
424
424
485
547
549
491
123
616
493
495
990
557
620
496
995
500
375
566
629
508
508
319
383
703
577
1090
1221
515
388
647
389
717
326
261
328
722
790
331
199
399
268
675
2100
543
1223
544
615
481
550
619
619
344
414
345
486
696
350
492
422
493
353
566
425
568
142
2281
143
143
644
430
934
503
575
720
506
217
579
580
580
436
73
366
440
957
516
592
373
523
225
605
758
687
536
460
537
462
1619
1399
234
469
391
1342
634
238
397
400
480
483
161
488
570
328
575
411
247
415
415
500
417
757
507
85
767
427
513
86
259
437
438
616
443
533
623
535
1255
538
449
360
90
633
724
818
364
364
639
457
458
367
367
555
928
93
93
846
941
852
379
475
380
479
480
480
481
387
484
388
582
874
1657
683
684
98
490
396
597
599
600
602
502
202
304
711
508
610
712
1431
1127
618
206
417
522
524
315
421
528
528
424
638
532
855
1713
536
216
432
541
547
658
549
552
666
444
557
557
782
224
902
451
564
452
568
683
803
576
576
231
578
1508
466
468
1293
353
707
472
473
711
356
477
477
598
479
484
242
363
485
487
367
614
370
495
867
496
498
749
125
625
751
502
126
638
511
385
129
388
259
649
649
390
524
394
1190
397
934
2278
134
1760
545
409
546
137
687
552
692
693
694
417
420
702
564
282
426
428
714
287
287
1743
583
439
587
2070
592
297
598
1499
150
150
1350
903
756
152
457
611
459
309
310
466
625
470
784
476
161
483
324
1302
489
1639
657
494
497
830
335
503
504
1176
2197
170
341
2416
518
177
533
539
360
540
1622
721
541
181
544
544
363
1831
550
367
551
737
369
555
370
557
560
564
378
572
765
579
773
196
1184
791
600
801
401
403
806
614
207
622
418
421
211
852
430
435
439
665
452
2262
456
456
459
689
2079
462
1852
464
464
465
466
467
470
471
474
1672
479
479
481
964
723
486
486
730
489
1468
491
494
495
501
505
505
506
1269
508
765
256
256
771
772
517
776
521
521
264
264
528
1607
538
546
548
559
560
565
569
569
570
2570
294
598
601
301
301
613
615
313
626
638
319
320
323
649
326
327
328
656
658
662
334
334
676
686
693
348
348
350
707
716
716
371
376
754
770
771
773
388
776
776
396
794
397
398
401
407
409
409
409
411
823
1242
828
1247
417
424
425
426
427
430
1731
868
434
448
454
458
463
463
463
933
467
468
480
980
510
1036
518
518
520
523
527
529
529
530
531
532
535
540
545
545
545
550
554
558
575
1741
591
591
594
595
596
599
1203
607
608
609
611
617
617
620
621
637
640
657
658
675
693
697
702
712
715
716
1466
734
739
1506
755
763
769
770
776
799
810
818
820
824
1711
1741
885
1065
1223
1688
2020
2174
16
22
21
1
96
158
18
273
372
761
425
480
445
491
164
64
93
638
11
12
1633
653
696
502
623
501
652
443
612
551
1058
1000
978
495
654
575
621
1789
1653
963
527
673
500
612
722
578
365
200
410
9
7
13
262
572
361
312
737
418
1672
600
657
578
680
519
579
741
1586
613
481
607
709
486
457
468
597
1949
651
698
227
14
108
37
452
423
366
428
423
826
70
243
206
17
16
68
54
203
13
181
302
291
434
287
33
19
479
678
495
432
632
497
2111
362
527
769
413
560
676
70
406
218
7
29
369
375
375
69
10
188
32
43
11
6
62
392
341
79
831
413
349
282
324
67
374
8
401
184
163
1
19
476
312
451
590
386
289
343
9
3
328
292
182
694
326
165
156
3
375
10
284
21
88
1
27
216
45
135
300
275
347
142
217
84
69
438
504
495
29
42
485
512
534
704
592
6
29
119
7
9
127
450
177
33
467
620
311
9
167
185
33
8
43
2
179
42
332
106
459
545
443
481
913
543
478
560
496
702
477
1939
399
985
469
661
802
662
1880
601
1124
148
538
578
731
3
28
91
2
231
115
30
137
2
53
325
24
424
7
17
43
80
44
145
703
558
693
86
312
501
64
50
108
121
755
932
638
2329
640
692
136
1138
422
647
669
938
1296
576
578
589
836
671
2203
544
621
771
30
996
717
114
28
376
26
18
35
746
591
808
1
12
555
282
540
417
478
194
63
270
367
13
22
12
61
624
7
450
29
73
72
440
142
46
723
588
1637
411
451
556
991
578
424
1914
484
592
17
628
486
455
445
614
396
862
457
452
51
71
573
549
618
630
627
1117
85
804
638
608
533
1231
433
1784
535
90
649
89
578
2
29
157
314
56
130
341
445
81
74
14
126
4
21
113
77
55
444
121
570
375
109
354
156
138
374
760
61
12
22
627
272
12
23
14
327
21
64
9
597
489
534
464
392
358
516
279
442
461
247
307
206
10
580
241
543
241
444
38
29
7
197
630
905
425
2279
612
441
965
182
810
642
630
699
862
837
2104
487
148
608
663
81
153
346
338
379
5
88
35
49
339
539
192
611
424
5
2
26
35
13
492
451
741
470
554
64
181
495
10
792
810
129
446
941
134
586
8
115
308
253
176
269
19
10
297
342
111
140
259
482
4
419
573
363
295
152
15
40
208
123
7
55
39
221
339
264
20
590
552
1116
950
628
545
90
28
48
43
649
694
394
269
639
139
736
6
1
152
554
1393
601
282
434
521
627
479
1657
423
385
524
563
578
9
46
69
155
127
7
41
171
22
38
23
456
377
244
113
80
416
454
465
815
187
618
43
4
357
6
13
182
97
47
149
54
30
10
30
26
204
406
282
124
12
571
269
326
690
483
31
7
177
97
126
137
50
91
8
117
9
55
99
40
493
325
345
404
564
11
787
646
554
139
445
707
1812
102
621
73
3
21
237
260
637
525
534
471
2
98
66
10
328
454
538
11
4
4
46
3
576
402
558
415
356
495
341
541
1
85
154
55
87
499
312
284
15
25
6
34
44
26
2
29
29
5
75
39
5
61
19
29
284
332
320
116
398
332
328
461
442
507
417
396
463
11
483
792
63
1827
1287
699
669
1005
1003
1343
121
94
337
267
286
279
139
95
339
30
293
486
16
70
46
23
320
38
427
289
562
571
12
130
562
421
433
440
88
425
676
1724
589
434
195
376
200
65
788
667
655
834
62
411
496
298
205
58
25
52
126
137
56
25
222
250
20
10
1
153
123
37
524
448
772
643
775
779
586
670
513
831
607
338
164
88
42
6
111
326
270
155
74
462
294
272
190
60
