73 480 295 590 555 435 131 987 607 506 510 498 665 608 831 180 56 122 779 438 564 782 703 108 769 569 950 139 112 346 713 42 183 866 95 846 829 860 148 88 592 507 124 881 493 671 
156 851 257 392 645 624 65 847 68 404 730 999 791 765 327 628 528 784 229 370 471 638 58 451 968 518 93 309 64 292 423 48 265 51 172 407 699 321 281 589 386 398 937 740 120 436 688 691 646 858 686 891 868 173 481 573 540 268 717 182 482 982 85 750 127 125 57 754 302 431 800 515 738 905 859 622 226 489 
241 414 680 417 609 721 253 584 222 697 514 102 731 541 145 980 81 334 261 511 899 492 826 521 508 411 793 
544 191 
470 
813 142 394 294 46 861 136 221 758 337 187 455 434 591 694 783 395 75 
642 497 932 101 669 647 200 
50 317 
47 844 450 271 349 947 
215 130 725 659 
527 552 484 971 358 169 869 878 
605 596 
251 728 852 907 
657 490 
975 374 270 809 
974 153 620 
918 945 457 504 597 879 339 830 838 440 237 111 445 637 661 991 359 857 961 115 888 422 320 530 263 778 560 969 616 452 582 408 425 966 558 896 893 543 41 621 578 892 668 581 375 373 921 662 247 234 342 135 538 86 298 856 312 429 505 378 603 787 410 785 176 745 801 710 427 336 744 789 315 500 382 841 238 96 54 242 285 753 996 164 926 598 432 513 681 816 61 72 586 706 933 810 220 849 428 235 618 249 299 889 168 650 206 884 567 149 714 550 475 614 415 701 901 651 862 549 369 876 894 677 957 389 583 570 413 495 808 243 545 262 981 751 723 259 606 502 916 912 224 331 914 531 217 437 512 43 469 371 123 184 827 997 716 756 915 529 275 402 454 824 548 412 326 258 890 128 640 629 461 956 228 722 175 928 103 641 806 170 922 140 439 78 252 587 910 924 797 313 815 737 416 689 218 272 433 925 464 256 233 161 571 748 798 644 255 850 802 533 488 944 458 835 953 683 360 923 266 
332 700 825 
595 
877 672 289 
983 
516 174 91 
633 133 822 132 
757 
747 141 239 134 656 406 949 76 674 660 209 345 
704 80 53 534 462 880 420 
248 144 820 447 158 911 519 347 
