66 63 33 
41 52 
39 44 19 25 57 34 
46 30 31 
25 25 32 51 48 
51 40 54 49 29 34 37 44 37 47 34 37 45 48 47 
59 20 19 41 50 38 33 40 
57 31 25 34 24 32 39 46 51 
38 19 38 34 44 35 41 47 32 44 25 41 24 27 46 31 32 
64 30 56 
61 28 50 20 46 35 42 53 
30 
36 47 51 
41 28 34 38 
40 37 23 24 40 32 30 23 40 28 36 50 45 43 32 26 36 37 53 36 32 40 27 39 21 44 20 29 48 52 44 27 26 49 41 31 35 41 42 31 40 20 52 26 
22 
40 50 
42 38 22 32 54 44 49 43 29 
36 37 
48 55 26 53 
25 28 34 
25 39 31 49 38 27 27 
21 36 23 38 41 32 24 22 36 32 23 31 24 26 25 39 51 27 
48 26 49 42 26 49 
52 20 28 
32 58 34 35 29 46 25 
51 45 53 53 58 32 53 54 52 47 
29 23 36 
51 23 39 31 20 31 20 
56 38 36 
27 40 42 40 26 48 42 53 
35 28 
29 44 46 60 
41 
43 28 
33 41 39 
59 
28 20 
33 38 21 36 47 50 
54 45 43 
32 38 
36 42 38 31 37 54 21 
29 29 46 52 20 21 36 44 53 48 32 43 32 29 38 40 64 32 35 44 26 38 26 57 35 29 27 34 26 28 37 48 32 36 31 41 38 30 35 27 45 59 41 36 32 31 34 42 44 61 44 29 37 27 33 56 37 42 32 50 42 27 42 25 47 30 43 35 33 25 42 26 33 30 27 36 27 35 56 40 39 42 26 26 29 
58 44 54 26 31 25 32 47 51 33 45 50 44 46 57 53 
63 30 25 26 48 55 56 
42 34 
45 43 34 29 
49 45 45 41 31 47 25 
53 43 34 48 44 44 55 
54 46 52 45 
57 
33 
69 53 46 26 44 50 30 51 42 62 61 
56 53 30 45 30 34 52 44 54 58 55 47 49 46 56 46 56 25 28 
68 29 61 25 58 45 58 48 56 
64 
59 
61 47 
62 46 
64 55 
60 57 45 56 
63 45 47 59 55 56 55 64 60 62 
67 63 62 
69 66 69 
