25 27 
55 
38 8 34 
39 
26 26 28 26 
51 
64 
32 7 44 34 
41 17 4 42 34 
66 
19 
32 
41 3 39 
86 
66 39 
45 45 
55 
58 57 
62 52 5 62 
30 14 5 
35 
62 48 
74 
37 10 16 
34 34 
42 4 
46 39 17 15 44 16 
25 54 22 
81 16 
75 4 
23 5 
75 48 
34 1 
19 
49 1 
73 75 27 
36 
71 41 
37 
41 42 12 41 
25 15 35 
45 
59 21 57 
46 47 17 17 50 32 
59 54 
76 
60 
40 
66 14 35 
54 
42 6 17 43 17 14 
27 0 
64 9 65 59 28 
41 39 
77 3 
78 52 
26 
50 39 
27 29 32 31 
58 4 
52 43 
18 
59 49 51 
55 5 
45 21 
33 
89 12 
43 32 
67 8 
68 71 
19 
54 32 43 11 
28 2 66 
37 39 
82 
69 70 
62 26 
57 24 
69 
50 
31 28 
53 7 52 
43 27 11 54 
84 43 
21 31 28 
27 5 30 24 29 
48 
77 
47 48 
66 21 
34 31 30 
67 23 
89 45 
64 39 3 62 
34 33 4 28 34 
38 52 34 12 
51 43 23 56 
21 
34 19 
44 
64 36 
38 
56 27 
21 39 
28 
79 14 
53 
79 
43 6 
53 11 
35 12 
29 51 57 
43 
48 24 11 29 
31 6 3 27 31 4 
74 40 
78 73 7 14 65 
41 45 17 17 
59 51 22 58 
68 
40 16 26 
26 28 
72 64 
27 
24 
21 
49 46 58 7 
20 31 22 
31 8 30 
38 12 
29 5 
74 25 
67 2 
71 51 
68 64 
36 39 
67 23 2 
18 
71 3 
21 25 47 22 
48 
42 18 5 17 
67 14 
67 42 
49 
56 11 26 
21 
54 
79 11 
53 43 
66 4 41 6 
78 69 
36 20 8 
50 17 
19 
22 18 50 
51 1 54 59 
77 
67 30 
33 7 
51 15 
62 24 33 8 
57 57 
32 37 36 
53 21 26 1 
60 61 61 
40 40 2 42 
37 
53 51 21 25 
47 
22 28 24 
28 23 54 37 
25 
40 1 
40 74 
60 37 
19 
63 15 
27 58 
45 33 
56 27 
49 17 47 
58 58 2 
54 61 13 
28 
45 4 49 62 
25 30 
35 
65 12 
54 53 
68 67 64 3 
45 47 46 
46 39 18 
52 13 
28 29 29 
64 40 
48 16 
35 
70 36 
52 9 30 52 
38 
50 27 54 52 
32 
20 
19 
38 42 
56 49 31 
23 57 19 
53 
67 3 
39 3 19 4 
68 
60 62 46 31 
37 26 5 24 
60 0 
46 12 27 
36 
40 
49 31 24 55 
56 7 
83 54 
39 43 15 39 4 
32 
44 8 15 48 29 
46 8 9 49 
55 16 
40 31 8 26 32 
31 1 32 17 
88 35 54 
44 13 14 43 41 44 
35 
36 
56 28 
69 30 
53 48 
41 16 10 
60 
36 
32 31 
79 65 
80 8 
55 
18 
27 
42 42 41 26 
38 12 
65 63 
49 8 45 
34 30 
79 49 
42 44 13 43 15 
85 
34 24 32 
78 
66 9 
60 3 
68 31 41 22 65 23 25 
29 54 32 30 
34 26 6 32 
51 51 
62 
38 15 68 
58 59 
84 22 31 27 
40 10 6 45 
66 37 32 
33 7 
35 
33 
20 58 30 
24 
52 28 16 58 
25 23 23 
56 7 
42 12 
48 
52 49 25 50 
22 36 15 
18 
26 2 
37 30 37 11 
18 
67 69 
48 6 9 22 49 
25 2 18 38 21 
36 33 17 10 
69 30 
32 25 32 
42 12 20 
44 8 
27 28 9 
26 24 6 3 27 28 10 
50 
75 10 
76 
30 30 10 
69 28 2 38 59 
70 
28 49 
48 21 69 
38 5 18 16 
71 31 
75 34 9 
74 73 46 
79 12 
56 60 57 
70 4 
22 
52 53 
61 58 
45 27 26 
54 58 54 
68 28 
78 
57 63 31 58 59 
25 34 34 2 22 
26 
64 15 5 9 
26 
73 
25 21 28 28 
70 64 
75 32 
38 12 27 16 
63 4 
56 20 
32 34 
35 
50 11 48 
26 24 
49 
44 
47 27 11 15 49 9 15 
42 24 6 46 13 40 
25 15 22 32 
37 27 53 13 8 
51 41 28 49 
28 
34 
59 0 
55 55 
43 40 
29 
39 8 18 33 
69 
52 
88 47 
58 55 
53 
64 23 4 
22 33 23 
47 
23 
59 54 
50 
41 26 
42 40 13 41 3 
19 
32 12 34 7 11 12 
41 67 48 15 9 
31 
66 
54 21 27 51 
38 
30 
50 3 13 
45 56 24 
33 
29 29 
76 53 
73 72 
50 25 54 
57 13 5 28 
65 
69 7 8 
63 59 
63 34 16 
40 6 30 
47 8 13 25 7 
67 30 
27 
59 61 
65 
43 71 9 9 15 44 10 
35 
57 8 56 0 
45 50 22 55 
69 66 
51 
36 
45 43 30 11 17 22 48 
42 70 6 40 13 
37 2 9 35 
53 22 
29 
