35 
62 58 48 43 41 22 28 28 58 47 42 25 52 31 54 45 41 36 48 31 26 50 49 25 30 28 41 31 46 23 32 21 28 35 64 50 44 49 37 29 64 38 42 42 43 54 42 27 43 48 42 59 29 53 23 28 47 54 32 42 43 42 57 36 30 40 27 48 
50 35 50 40 
33 38 43 31 
28 
56 50 64 46 53 25 34 44 29 31 
48 39 44 51 19 39 28 38 42 26 26 59 35 36 46 25 42 41 30 47 34 30 36 22 42 26 24 51 45 58 51 43 59 51 38 26 31 26 21 35 36 
30 34 39 33 37 42 29 
34 30 32 43 21 34 25 24 42 39 28 39 
44 22 26 28 21 31 40 55 42 37 30 57 48 39 29 26 27 39 44 55 28 45 40 44 36 47 31 36 26 49 29 43 22 40 29 26 54 40 51 43 27 35 62 18 31 29 26 41 40 33 43 40 36 40 32 26 37 47 27 44 22 34 30 41 31 45 30 42 25 43 19 53 28 25 54 29 41 49 47 51 48 44 42 40 40 54 49 31 29 41 31 52 52 54 39 41 35 37 30 51 47 50 31 22 37 35 34 30 36 35 39 30 28 49 53 39 27 26 29 34 46 45 47 45 48 38 52 49 29 47 47 20 52 48 34 45 21 26 28 31 48 53 35 32 37 39 54 50 27 46 54 20 18 45 51 31 33 31 31 21 49 47 33 37 35 49 24 20 54 47 59 54 52 24 52 18 51 50 55 52 53 31 31 53 32 37 52 21 32 38 32 52 38 23 18 23 30 51 21 38 37 38 39 31 20 37 25 33 26 32 39 30 34 28 36 29 38 35 57 39 59 39 25 35 35 59 25 29 28 37 37 28 21 37 25 60 39 26 28 38 36 29 27 59 38 37 58 58 35 39 28 36 38 39 29 35 59 58 58 58 55 56 55 57 55 57 56 57 55 57 55 55 58 59 58 58 56 56 56 59 59 57 61 63 63 60 64 62 60 64 62 64 64 63 60 62 63 62 64 64 60 60 62 60 69 67 66 66 65 65 65 
69 68 
