604 
346 435 549 547 853 613 929 338 437 96 57 463 273 342 536 426 935 410 770 392 478 626 92 324 53 583 443 271 403 558 427 325 586 790 328 636 797 849 487 867 69 521 714 631 207 893 669 529 651 545 432 998 323 246 484 126 497 926 445 97 920 577 643 304 193 360 760 146 
556 788 816 624 
124 368 570 170 
159 
735 511 681 608 662 59 657 407 65 951 
874 501 710 699 345 500 601 415 223 594 961 705 997 183 609 858 280 381 690 590 305 754 541 802 232 776 742 56 75 695 245 820 611 332 357 671 593 349 47 95 775 
939 954 178 821 375 370 634 
839 266 887 880 719 291 743 575 712 941 977 571 
282 615 964 903 974 472 335 792 297 373 431 418 553 762 584 664 91 201 731 80 881 494 336 86 966 922 258 976 919 638 222 310 569 860 485 401 429 787 141 424 197 635 290 166 886 728 254 213 378 985 879 628 947 769 812 912 906 512 393 923 144 148 189 848 156 41 913 167 559 440 573 914 969 865 614 509 709 747 921 548 42 795 948 650 840 822 637 362 960 168 171 888 991 44 215 833 414 329 93 330 652 517 268 764 278 934 633 460 244 525 566 237 721 387 979 153 801 734 438 972 917 169 843 102 596 279 658 610 952 149 513 340 779 817 563 739 995 510 576 785 640 896 275 828 186 371 344 931 66 475 365 598 241 408 971 582 348 987 677 292 992 737 959 212 838 228 519 409 693 554 603 890 644 263 481 76 448 142 103 260 761 300 932 895 824 307 661 61 870 405 871 270 184 530 162 257 267 592 293 683 745 483 562 286 897 318 641 889 915 515 791 744 837 606 54 864 937 539 730 832 343 836 771 765 621 122 916 818 585 272 552 363 461 179 894 674 831 679 656 98 49 572 127 428 684 347 698 209 704 238 928 508 412 276 955 83 784 416 757 911 607 394 957 119 885 905 420 137 863 773 994 956 504 84 240 814 46 732 970 605 252 930 400 143 980 377 398 180 402 600 811 703 320 982 898 900 136 718 114 783 425 599 725 958 147 680 588 239 752 688 333 
321 537 
