45 
48 
58 54 
64 56 
21 5 
36 8 11 7 
30 
36 
63 51 
42 
24 25 30 21 
19 
75 50 
29 27 
59 
66 64 69 
35 
83 
46 
43 45 18 2 16 
18 
55 5 
75 35 
59 9 
44 12 5 1 
25 27 
49 30 
65 35 
47 42 
38 7 
34 8 
45 55 48 12 2 14 
63 4 
51 26 29 
79 
64 17 
88 24 
51 
57 14 
62 59 
28 33 3 28 
27 
52 15 
63 11 67 9 37 12 63 
57 14 
69 65 
51 50 
63 
22 
55 48 69 34 
47 31 8 
70 
39 10 31 31 
80 60 
28 
87 74 
18 7 15 17 
18 
42 41 45 
31 31 8 7 
36 9 1 4 39 
37 62 11 16 
36 38 5 37 17 3 30 
69 3 18 
30 6 1 7 27 
84 22 
41 39 6 10 41 
48 48 43 19 
58 15 
19 
37 41 65 
39 29 8 15 15 15 
60 29 
42 18 13 13 10 
49 11 
79 73 
42 
54 4 16 21 
30 
39 66 
58 18 
73 7 
36 
51 53 7 23 
69 23 
24 59 2 26 2 18 23 
31 6 
52 60 
31 24 
65 8 30 
30 31 
52 52 31 
37 
52 
68 35 
39 3 37 38 
42 17 
44 
29 32 28 
31 30 
62 8 
62 34 
21 21 
77 17 0 
42 44 7 31 
28 
37 1 36 34 8 
37 4 2 
43 9 
29 35 19 
66 
70 
75 
37 30 
64 
69 42 
29 25 21 0 
78 
64 37 
51 16 51 
65 32 
40 40 10 28 
19 
20 
59 31 59 
54 
19 
62 
37 33 26 36 
64 1 0 59 
68 66 
38 0 13 
40 13 31 
28 21 54 
65 9 
38 12 42 
39 6 37 11 
37 10 60 40 
72 4 
41 14 
32 2 10 
66 49 
19 
68 73 
26 31 27 
56 
85 14 1 
64 65 
61 26 60 
46 
74 38 58 44 
45 20 
36 13 38 9 35 38 
58 3 
57 63 
56 14 
37 0 43 
60 45 32 
59 54 
18 
30 42 
62 6 58 1 
58 29 
40 43 
38 1 41 8 32 
73 14 
51 12 19 
35 
35 10 10 15 1 
67 64 
54 30 21 26 
25 
71 
25 
68 2 
51 10 
88 46 31 74 2 
46 13 1 26 1 
55 52 
65 38 
23 29 
40 37 17 27 8 
75 77 
49 
45 
61 
22 
47 
37 4 39 39 
66 
26 58 0 
38 2 36 
29 26 
50 
47 47 
65 32 
22 50 22 24 
43 38 6 12 
64 35 
75 42 
75 27 
23 
76 
55 60 6 
22 54 
68 
21 
35 8 
36 2 
41 33 48 11 
43 
51 48 15 
65 37 
48 47 15 50 
50 23 
25 
34 5 39 34 60 1 
39 42 8 
22 
43 39 29 19 8 
24 28 42 
65 4 
69 69 
31 28 
29 28 28 
68 66 
23 
47 7 51 31 
26 5 
48 7 20 
60 64 28 1 59 
35 
59 28 55 
46 46 49 
59 
49 
22 
54 22 50 
39 7 10 44 
35 42 13 40 
57 50 31 
40 41 3 42 6 
34 29 35 
50 49 
49 
82 48 
25 1 
57 
52 3 51 12 
67 68 
40 43 
47 17 29 
67 28 
34 
52 21 
85 52 
53 
68 26 
74 
26 
61 38 
42 9 
26 18 8 
60 62 
53 31 0 26 
67 64 
19 38 38 15 8 15 
65 8 30 64 66 54 
79 58 9 4 
58 51 64 65 16 64 35 
59 1 
44 17 41 44 
30 
42 9 42 2 44 
76 
62 21 
40 28 12 4 
63 62 
48 7 29 
69 
57 44 
56 59 
26 56 3 
47 12 
45 
84 76 
24 25 
30 
37 10 
49 4 12 47 23 
65 
20 
30 
70 
67 
58 5 6 
27 53 39 25 
22 
35 
36 2 28 40 
48 25 
45 
57 
76 
36 26 14 
89 
52 6 15 
57 64 59 31 
23 
40 
35 12 35 39 
55 10 
72 44 
78 
44 13 6 15 
27 22 50 22 
39 
65 8 32 
66 73 
62 32 
18 
58 79 
50 48 29 14 
43 
33 
54 11 32 
74 
58 52 32 
77 18 
39 
39 41 0 27 39 34 35 
34 
40 12 
79 
47 13 79 17 
54 41 49 
25 24 26 
41 
58 10 
19 18 25 19 
40 0 5 
55 29 
25 32 29 27 2 
32 
32 8 7 48 1 33 
69 
69 43 
43 
28 
62 57 
56 55 31 
32 
52 33 
54 24 
53 54 25 53 
53 20 
60 63 62 
35 
55 28 56 
57 
37 6 10 39 
60 58 
26 30 53 26 25 
46 47 26 43 
47 47 44 5 
59 54 25 
28 28 
57 
50 
31 
44 35 41 
18 
38 5 30 13 
39 10 5 9 
62 2 36 
42 13 
43 
31 29 29 34 29 
55 55 60 33 
29 26 
59 49 26 15 
36 17 
85 28 
56 51 
34 8 21 
45 36 28 47 
53 
63 3 63 4 9 
33 22 31 
39 9 38 
52 49 
66 55 21 
59 35 
59 20 
